-8.0;nan;nan;nan;nan;
-7.995995995995996;nan;nan;nan;nan;
-7.991991991991992;nan;nan;nan;nan;
-7.987987987987988;nan;nan;nan;nan;
-7.983983983983984;nan;nan;nan;nan;
-7.97997997997998;nan;nan;nan;nan;
-7.975975975975976;nan;nan;nan;nan;
-7.971971971971972;nan;nan;nan;nan;
-7.967967967967968;nan;nan;nan;nan;
-7.963963963963964;nan;nan;nan;nan;
-7.95995995995996;nan;nan;nan;nan;
-7.955955955955956;nan;nan;nan;nan;
-7.951951951951952;nan;nan;nan;nan;
-7.947947947947948;nan;nan;nan;nan;
-7.943943943943944;nan;nan;nan;nan;
-7.93993993993994;nan;nan;nan;nan;
-7.935935935935936;nan;nan;nan;nan;
-7.931931931931932;nan;nan;nan;nan;
-7.927927927927928;nan;nan;nan;nan;
-7.923923923923924;nan;nan;nan;nan;
-7.91991991991992;nan;nan;nan;nan;
-7.915915915915916;nan;nan;nan;nan;
-7.911911911911912;nan;nan;nan;nan;
-7.907907907907908;nan;nan;nan;nan;
-7.903903903903904;nan;nan;nan;nan;
-7.8998998998999;nan;nan;nan;nan;
-7.895895895895896;nan;nan;nan;nan;
-7.891891891891892;nan;nan;nan;nan;
-7.887887887887888;nan;nan;nan;nan;
-7.883883883883884;nan;nan;nan;nan;
-7.87987987987988;nan;nan;nan;nan;
-7.875875875875876;nan;nan;nan;nan;
-7.871871871871872;nan;nan;nan;nan;
-7.867867867867868;nan;nan;nan;nan;
-7.863863863863864;nan;nan;nan;nan;
-7.85985985985986;nan;nan;nan;nan;
-7.8558558558558556;nan;nan;nan;nan;
-7.851851851851852;nan;nan;nan;nan;
-7.847847847847848;nan;nan;nan;nan;
-7.843843843843844;nan;nan;nan;nan;
-7.83983983983984;nan;nan;nan;nan;
-7.8358358358358355;nan;nan;nan;nan;
-7.831831831831832;nan;nan;nan;nan;
-7.827827827827828;nan;nan;nan;nan;
-7.823823823823824;nan;nan;nan;nan;
-7.81981981981982;nan;nan;nan;nan;
-7.8158158158158155;nan;nan;nan;nan;
-7.811811811811812;nan;nan;nan;nan;
-7.807807807807808;nan;nan;nan;nan;
-7.803803803803804;nan;nan;nan;nan;
-7.7997997997998;nan;nan;nan;nan;
-7.7957957957957955;nan;nan;nan;nan;
-7.791791791791792;nan;nan;nan;nan;
-7.787787787787788;nan;nan;nan;nan;
-7.783783783783784;0.0002646379775155521;nan;nan;nan;
-7.77977977977978;0.0007203578006597876;nan;nan;nan;
-7.7757757757757755;0.0011760776238040234;nan;nan;nan;
-7.771771771771772;0.0016317974469481575;nan;nan;nan;
-7.767767767767768;0.002087517270092393;nan;nan;nan;
-7.763763763763764;0.0025432370932365277;nan;nan;nan;
-7.75975975975976;0.0029989569163807205;nan;nan;nan;
-7.7557557557557555;0.0034546767395249077;nan;nan;nan;
-7.751751751751752;0.003910396562668994;nan;nan;nan;
-7.747747747747748;0.004366116385813182;nan;nan;nan;
-7.743743743743744;0.0048218362089572685;nan;nan;nan;
-7.73973973973974;0.005277556032101455;nan;nan;nan;
-7.7357357357357355;0.005733275855245637;nan;nan;nan;
-7.731731731731732;0.006188995678389719;nan;nan;nan;
-7.727727727727728;0.0066447155015339;nan;nan;nan;
-7.723723723723724;0.007100435324677983;nan;nan;nan;
-7.71971971971972;0.007556155147822164;nan;nan;nan;
-7.7157157157157155;0.00801187497096635;nan;nan;nan;
-7.711711711711712;0.008467594794110446;nan;nan;nan;
-7.707707707707708;0.008923314617254645;nan;nan;nan;
-7.703703703703704;0.009379034440398743;nan;nan;nan;
-7.6996996996997;0.009834754263542942;nan;nan;nan;
-7.6956956956956954;0.01029047408668714;nan;nan;nan;
-7.691691691691692;0.010746193909831237;nan;nan;nan;
-7.687687687687688;0.011201913732975436;nan;nan;nan;
-7.683683683683684;0.011657633556119533;nan;nan;nan;
-7.67967967967968;0.012113353379263732;nan;nan;nan;
-7.675675675675675;0.012569073202407929;nan;nan;nan;
-7.671671671671672;0.013024793025552026;nan;nan;nan;
-7.667667667667668;0.013480512848696224;nan;nan;nan;
-7.663663663663664;0.013936232671840321;nan;nan;nan;
-7.65965965965966;0.014391952494984511;nan;nan;nan;
-7.655655655655655;0.0148476723181287;nan;nan;nan;
-7.651651651651652;0.015303392141272784;nan;nan;nan;
-7.647647647647648;0.015759111964416973;nan;nan;nan;
-7.643643643643643;0.01621483178756116;nan;nan;nan;
-7.63963963963964;0.016670551610705246;nan;nan;nan;
-7.635635635635635;0.017126271433849437;nan;nan;nan;
-7.631631631631632;0.017581991256993525;nan;nan;nan;
-7.627627627627628;0.01803771108013772;nan;nan;nan;
-7.623623623623623;0.018493430903281916;nan;nan;nan;
-7.61961961961962;0.018949150726426008;nan;nan;nan;
-7.615615615615615;0.019404870549570203;nan;nan;nan;
-7.611611611611612;0.019860590372714298;nan;nan;nan;
-7.607607607607608;0.020316310195858493;nan;nan;nan;
-7.603603603603603;0.020772030019002685;nan;nan;nan;
-7.5995995995996;0.021227749842146787;nan;nan;nan;
-7.595595595595595;0.021683469665290986;nan;nan;nan;
-7.591591591591592;0.022139189488435088;nan;nan;nan;
-7.587587587587588;0.022594909311579287;nan;nan;nan;
-7.583583583583583;0.023050629134723492;nan;nan;nan;
-7.57957957957958;0.023506348957867594;nan;nan;nan;
-7.575575575575575;0.023962068781011796;nan;nan;nan;
-7.571571571571572;0.024417788604155895;nan;nan;nan;
-7.5675675675675675;0.0248735084273001;nan;nan;nan;
-7.563563563563563;0.025329228250444313;nan;nan;nan;
-7.55955955955956;0.025784948073588415;nan;nan;nan;
-7.555555555555555;0.026240667896732628;nan;nan;nan;
-7.551551551551552;0.026696387719876733;nan;nan;nan;
-7.5475475475475475;0.027152107543020942;nan;nan;nan;
-7.543543543543543;0.027607827366165148;nan;nan;nan;
-7.53953953953954;0.028063547189309257;nan;nan;nan;
-7.535535535535535;0.028519267012453466;nan;nan;nan;
-7.531531531531532;0.02897498683559755;nan;nan;nan;
-7.5275275275275275;0.029430706658741732;nan;nan;nan;
-7.523523523523523;0.029886426481885914;nan;nan;nan;
-7.51951951951952;0.030342146305029988;nan;nan;nan;
-7.515515515515515;0.030797866128174166;nan;nan;nan;
-7.511511511511512;0.03125358595131825;nan;nan;nan;
-7.5075075075075075;0.031709305774462425;nan;nan;nan;
-7.503503503503503;0.0321650255976066;nan;nan;nan;
-7.4994994994995;0.032620745420750684;nan;nan;nan;
-7.495495495495495;0.03307646524389487;nan;nan;nan;
-7.491491491491492;0.03353218506703895;nan;nan;nan;
-7.4874874874874875;0.033987904890183135;nan;nan;nan;
-7.483483483483483;0.03444362471332733;nan;nan;nan;
-7.47947947947948;0.03489934453647141;nan;nan;nan;
-7.475475475475475;0.03535506435961559;nan;nan;nan;
-7.471471471471472;0.03581078418275968;nan;nan;nan;
-7.4674674674674675;0.036266504005903866;nan;nan;nan;
-7.463463463463463;0.03672222382904806;nan;nan;nan;
-7.45945945945946;0.037177943652192146;nan;nan;nan;
-7.455455455455455;0.03763366347533633;nan;nan;nan;
-7.451451451451452;0.03808938329848042;nan;nan;nan;
-7.4474474474474475;0.03854510312162461;nan;nan;nan;
-7.443443443443443;0.0390008229447688;nan;nan;nan;
-7.43943943943944;0.0394565427679129;nan;nan;nan;
-7.435435435435435;0.03991226259105708;nan;nan;nan;
-7.431431431431432;0.04036798241420117;nan;nan;nan;
-7.4274274274274275;0.04082370223734537;nan;nan;nan;
-7.423423423423423;0.041279422060489554;nan;nan;nan;
-7.41941941941942;0.04173514188363364;nan;nan;nan;
-7.415415415415415;0.04219086170677784;nan;nan;nan;
-7.411411411411412;0.04264658152992193;nan;nan;nan;
-7.407407407407407;0.043102301353066114;nan;nan;nan;
-7.403403403403403;0.0435580211762103;nan;nan;nan;
-7.3993993993994;0.04401374099935439;nan;nan;nan;
-7.395395395395395;0.04446946082249857;nan;nan;nan;
-7.391391391391391;0.04492518064564276;nan;nan;nan;
-7.387387387387387;0.045380900468786844;nan;nan;nan;
-7.383383383383383;0.04583662029193103;nan;nan;nan;
-7.37937937937938;0.04629234011507512;nan;nan;nan;
-7.375375375375375;0.0467480599382193;nan;nan;nan;
-7.371371371371371;0.047203779761363494;nan;nan;nan;
-7.367367367367367;0.04765949958450758;nan;nan;nan;
-7.363363363363363;0.048115219407651774;nan;nan;nan;
-7.35935935935936;0.048570939230795876;nan;nan;nan;
-7.355355355355355;0.049026659053940075;nan;nan;nan;
-7.351351351351351;0.049482378877084274;nan;nan;nan;
-7.347347347347347;0.049938098700228375;nan;nan;nan;
-7.343343343343343;0.050393818523372574;nan;nan;nan;
-7.33933933933934;0.050849538346516676;nan;nan;nan;
-7.335335335335335;0.051305258169660875;nan;nan;nan;
-7.331331331331331;0.051760977992805074;nan;nan;nan;
-7.327327327327327;0.052216697815949176;nan;nan;nan;
-7.323323323323323;0.052672417639093375;nan;nan;nan;
-7.31931931931932;0.053128137462237476;nan;nan;nan;
-7.315315315315315;0.05358385728538167;nan;nan;nan;
-7.311311311311311;0.05403957710852585;nan;nan;nan;
-7.307307307307307;0.054495296931669934;nan;nan;nan;
-7.303303303303303;0.05495101675481412;nan;nan;nan;
-7.2992992992992995;0.05540673657795819;nan;nan;nan;
-7.295295295295295;0.05586245640110238;nan;nan;nan;
-7.291291291291291;0.05631817622424656;nan;nan;nan;
-7.287287287287287;0.05677389604739064;nan;nan;nan;
-7.283283283283283;0.05722961587053482;nan;nan;nan;
-7.2792792792792795;0.0576853356936789;nan;nan;nan;
-7.275275275275275;0.05814105551682309;nan;nan;nan;
-7.271271271271271;0.05859677533996727;nan;nan;nan;
-7.267267267267267;0.059052495163111354;nan;nan;nan;
-7.263263263263263;0.05950821498625554;nan;nan;nan;
-7.2592592592592595;0.05996393480939963;nan;nan;nan;
-7.255255255255255;0.060419654632543826;nan;nan;nan;
-7.251251251251251;0.060875374455688025;nan;nan;nan;
-7.247247247247247;0.06133109427883211;nan;nan;nan;
-7.243243243243243;0.061786814101976305;0.0004695977279057955;nan;nan;
-7.2392392392392395;0.06224253392512039;0.0012466886743677807;nan;nan;
-7.235235235235235;0.06269825374826458;0.0020237796208299385;nan;nan;
-7.231231231231231;0.06315397357140878;0.002800870567292096;nan;nan;
-7.227227227227227;0.06360969339455289;0.003577961513754081;nan;nan;
-7.223223223223223;0.06406541321769707;0.004355052460216238;nan;nan;
-7.2192192192192195;0.06452113304084117;0.00512990401004328;nan;nan;
-7.215215215215215;0.06497685286398536;0.005900630644952698;nan;nan;
-7.211211211211211;0.06543257268712954;0.006671357279862116;nan;nan;
-7.207207207207207;0.06588829251027364;0.007442083914771365;nan;nan;
-7.203203203203203;0.06634401233341784;0.008212810549680784;nan;nan;
-7.1991991991991995;0.06679973215656193;0.008983537184590032;nan;nan;
-7.195195195195195;0.06725545197970613;0.009753652102683337;nan;nan;
-7.191191191191191;0.06771117180285031;0.010516276975801812;nan;nan;
-7.187187187187187;0.06816689162599442;0.011278901848920119;nan;nan;
-7.183183183183183;0.0686226114491386;0.012041526722038592;nan;nan;
-7.1791791791791795;0.06907833127228269;0.012804151595156897;nan;nan;
-7.175175175175175;0.06953405109542689;0.013566776468275372;nan;nan;
-7.171171171171171;0.06998977091857109;0.014329401341393846;nan;nan;
-7.167167167167167;0.07044549074171517;0.015087498239035872;nan;nan;
-7.163163163163163;0.07090121056485937;0.015839859945774176;nan;nan;
-7.1591591591591595;0.07135693038800346;0.01659222165251231;nan;nan;
-7.155155155155155;0.07181265021114765;0.017344583359250612;nan;nan;
-7.151151151151151;0.07226837003429185;0.018096945065988912;nan;nan;
-7.147147147147147;0.07272408985743593;0.01884930677272705;nan;nan;
-7.143143143143143;0.07317980968058013;0.01960166847946535;nan;nan;
-7.1391391391391394;0.07363552950372423;0.020348322045174276;nan;nan;
-7.135135135135135;0.07409124932686843;0.021087256484108786;nan;nan;
-7.131131131131131;0.07454696915001263;0.021826190923043293;nan;nan;
-7.127127127127127;0.07500268897315675;0.022565125361977637;nan;nan;
-7.123123123123123;0.07545840879630095;0.02330405980091215;nan;nan;
-7.119119119119119;0.07591412861944505;0.024042994239846495;nan;nan;
-7.115115115115115;0.07636984844258925;0.024781928678781005;nan;nan;
-7.111111111111111;0.07682556826573345;0.025520783802309918;nan;nan;
-7.107107107107107;0.07728128808887756;0.02623792928355592;nan;nan;
-7.103103103103103;0.07773700791202176;0.026955074764802082;nan;nan;
-7.099099099099099;0.07819272773516586;0.02767222024604809;nan;nan;
-7.095095095095095;0.07864844755831008;0.028389365727294245;nan;nan;
-7.091091091091091;0.07910416738145427;0.02910651120854041;nan;nan;
-7.087087087087087;0.07955988720459838;0.029823656689786412;nan;nan;
-7.083083083083083;0.08001560702774257;0.030540802171032576;nan;nan;
-7.079079079079079;0.08047132685088668;0.03125483975877639;nan;nan;
-7.075075075075075;0.08092704667403089;0.031952977602280115;nan;nan;
-7.071071071071071;0.08138276649717507;0.032651115445783835;nan;nan;
-7.067067067067067;0.08183848632031916;0.03334925328928741;nan;nan;
-7.063063063063063;0.08229420614346336;0.034047391132791135;nan;nan;
-7.059059059059059;0.08274992596660745;0.0347455289762947;nan;nan;
-7.055055055055055;0.08320564578975163;0.03544366681979842;nan;nan;
-7.051051051051051;0.08366136561289583;0.03614180466330215;nan;nan;
-7.047047047047047;0.0841170854360399;0.036839942506805716;nan;nan;
-7.043043043043043;0.08457280525918409;0.0375229956522117;nan;nan;
-7.039039039039039;0.0850285250823282;0.038203656568128685;nan;nan;
-7.035035035035035;0.08548424490547238;0.03888431748404583;nan;nan;
-7.031031031031031;0.08593996472861656;0.039564978399962966;nan;nan;
-7.027027027027027;0.08639568455176065;0.040245639315879954;nan;nan;
-7.023023023023023;0.08685140437490485;0.040926300231797094;nan;nan;
-7.019019019019019;0.08730712419804892;0.041606961147714075;nan;nan;
-7.015015015015015;0.08776284402119312;0.04228762206363122;nan;nan;
-7.011011011011011;0.08821856384433731;0.04296722592726359;nan;nan;
-7.007007007007007;0.0886742836674814;0.04363008119559143;nan;nan;
-7.003003003003003;0.08913000349062558;0.044292936463919436;nan;nan;
-6.998998998998999;0.08958572331376967;0.04495579173224727;nan;nan;
-6.994994994994995;0.09004144313691385;0.04561864700057527;nan;nan;
-6.990990990990991;0.09049716296005805;0.04628150226890326;nan;nan;
-6.986986986986987;0.09095288278320214;0.04694435753723111;nan;nan;
-6.982982982982983;0.09140860260634633;0.0476072128055591;nan;nan;
-6.978978978978979;0.09186432242949041;0.04827006807388695;nan;nan;
-6.974974974974975;0.0923200422526346;0.04893292334221495;nan;nan;
-6.970970970970971;0.0927757620757788;0.04958318749759658;nan;nan;
-6.966966966966967;0.09323148189892289;0.05022829316589753;nan;nan;
-6.962962962962963;0.09368720172206707;0.05087339883419863;nan;nan;
-6.958958958958959;0.09414292154521117;0.05151850450249959;nan;nan;
-6.954954954954955;0.09459864136835536;0.05216361017080069;nan;nan;
-6.950950950950951;0.09505436119149954;0.05280871583910178;nan;nan;
-6.946946946946947;0.09551008101464362;0.053453821507402736;nan;nan;
-6.942942942942943;0.09596580083778782;0.05409892717570384;nan;nan;
-6.938938938938939;0.0964215206609319;0.054744032844004795;nan;nan;
-6.934934934934935;0.09687724048407609;0.05538913851230589;nan;nan;
-6.930930930930931;0.09733296030722029;0.05602102952653162;nan;nan;
-6.926926926926927;0.09778868013036437;0.056648847418048105;nan;nan;
-6.922922922922923;0.09824439995350856;0.057276665309564725;nan;nan;
-6.918918918918919;0.09870011977665265;0.0579044832010812;nan;nan;
-6.914914914914915;0.09915583959979685;0.05853230109259783;nan;nan;
-6.910910910910911;0.09961155942294105;0.05916011898411444;nan;nan;
-6.906906906906907;0.10006727924608513;0.05978793687563093;nan;nan;
-6.902902902902903;0.10052299906922933;0.06041575476714755;nan;nan;
-6.898898898898899;0.10097871889237342;0.06104357265866404;nan;nan;
-6.894894894894895;0.1014344387155176;0.06167139055018066;nan;nan;
-6.890890890890891;0.10189015853866179;0.06229642477538126;nan;nan;
-6.886886886886887;0.1023458783618059;0.06290775227574397;nan;nan;
-6.882882882882883;0.1028015981849501;0.06351907977610681;nan;nan;
-6.878878878878879;0.10325731800809419;0.0641304072764695;nan;nan;
-6.874874874874875;0.10371303783123839;0.06474173477683234;nan;nan;
-6.870870870870871;0.10416875765438258;0.06535306227719517;nan;nan;
-6.866866866866867;0.10462447747752668;0.06596438977755789;nan;nan;
-6.862862862862863;0.10508019730067086;0.06657571727792072;nan;nan;
-6.858858858858859;0.10553591712381497;0.06718704477828343;nan;nan;
-6.854854854854855;0.10599163694695915;0.06779837227864627;nan;nan;
-6.8508508508508505;0.10644735677010335;0.0684096997790091;nan;nan;
-6.846846846846847;0.10690307659324744;0.06902102727937182;nan;nan;
-6.842842842842843;0.10735879641639165;0.06961907159709804;nan;nan;
-6.838838838838839;0.10781451623953574;0.07021494041340107;nan;nan;
-6.834834834834835;0.10827023606267994;0.07081080922970424;nan;nan;
-6.8308308308308305;0.10872595588582412;0.07140667804600741;nan;nan;
-6.826826826826827;0.10918167570896822;0.07200254686231043;nan;nan;
-6.822822822822823;0.10963739553211241;0.0725984156786136;nan;nan;
-6.818818818818819;0.11009311535525651;0.07319428449491663;nan;nan;
-6.814814814814815;0.1105488351784007;0.0737901533112198;nan;nan;
-6.8108108108108105;0.11100455500154491;0.07438602212752296;nan;nan;
-6.806806806806807;0.11146027482468901;0.07498189094382599;nan;nan;
-6.802802802802803;0.11191599464783321;0.07557775976012915;nan;nan;
-6.798798798798799;0.1123717144709773;0.07617362857643219;nan;nan;
-6.794794794794795;0.11282743429412148;0.07675857864467235;0.0006706213602762338;0.0006706213602762338;
-6.7907907907907905;0.11328315411726568;0.07734015282219434;0.002702209598761167;0.002702209598761167;
-6.786786786786787;0.11373887394040977;0.0779217269997162;0.004733797837245695;0.004733797837245695;
-6.782782782782783;0.11419459376355398;0.0785033011772382;0.006765386075730674;0.006765386075730674;
-6.778778778778779;0.11465031358669808;0.07908487535476007;0.008796974314215203;0.008796974314215203;
-6.774774774774775;0.11510603340984227;0.07966644953228207;0.010828562552700182;0.010828562552700182;
-6.7707707707707705;0.11556175323298648;0.08024802370980405;0.01286015079118516;0.01286015079118516;
-6.766766766766767;0.11601747305613057;0.08082959788732591;0.01489173902966969;0.01489173902966969;
-6.762762762762763;0.11647319287927475;0.08141117206484791;0.016923327268154667;0.016923327268154667;
-6.758758758758759;0.11692891270241887;0.08199274624236977;0.018954915506639195;0.018954915506639195;
-6.754754754754755;0.11738463252556305;0.08257432041989177;0.020986503745124174;0.020986503745124174;
-6.7507507507507505;0.11784035234870724;0.08315589459741377;0.02301809198360915;0.02301809198360915;
-6.746746746746747;0.11829607217185134;0.08373746877493563;0.025049680222093668;0.025049680222093668;
-6.742742742742743;0.11875179199499554;0.08430856403764048;0.027081268460578647;0.027081268460578647;
-6.738738738738739;0.11920751181813963;0.08487705496854167;0.029112856699063168;0.029112856699063168;
-6.734734734734735;0.11966323164128383;0.08544554589944298;0.031144444937548144;0.031144444937548144;
-6.7307307307307305;0.12011895146442803;0.08601403683034431;0.03317603317603312;0.03317603317603312;
-6.726726726726727;0.12057467128757211;0.0865825277612455;0.03520762141451764;0.03520762141451764;
-6.722722722722723;0.1210303911107163;0.08715101869214681;0.03723920965300261;0.03723920965300261;
-6.718718718718719;0.12148611093386039;0.087719509623048;0.03927079789148714;0.03927079789148714;
-6.714714714714715;0.12194183075700459;0.08828800055394934;0.04130238612997211;0.04130238612997211;
-6.7107107107107105;0.12239755058014877;0.08885649148485066;0.04333397436845709;0.04333397436845709;
-6.706706706706707;0.12285327040329286;0.08942498241575184;0.045365562606941606;0.045365562606941606;
-6.702702702702703;0.12330899022643704;0.08999347334665316;0.04739715084542658;0.04739715084542658;
-6.698698698698699;0.12376471004958114;0.09056196427755435;0.0494287390839111;0.0494287390839111;
-6.694694694694695;0.12422042987272533;0.09113045520845567;0.051460327322396075;0.051460327322396075;
-6.6906906906906904;0.12467614969586951;0.09169894613935699;0.05349191556088105;0.05349191556088105;
-6.686686686686687;0.12513186951901362;0.09225699644688531;0.055523503799365576;0.055523503799365576;
-6.682682682682683;0.1255875893421578;0.09281359904741163;0.057555092037850544;0.057555092037850544;
-6.678678678678679;0.12604330916530188;0.09337020164793783;0.05958668027633507;0.05958668027633507;
-6.674674674674675;0.12649902898844606;0.09392680424846414;0.06161826851482004;0.06161826851482004;
-6.67067067067067;0.12695474881159025;0.09448340684899045;0.063649856753305;0.063649856753305;
-6.666666666666667;0.12741046863473435;0.09504000944951665;0.06568144499178954;0.06568144499178954;
-6.662662662662663;0.12786618845787853;0.09559661205004297;0.06771303323027451;0.06771303323027451;
-6.658658658658659;0.12832190828102263;0.09615321465056917;0.06974462146875905;0.06974462146875905;
-6.654654654654655;0.12877762810416682;0.09670981725109548;0.07177620970724403;0.07177620970724403;
-6.65065065065065;0.129233347927311;0.0972664198516218;0.073807797945729;0.073807797945729;
-6.646646646646647;0.1296890677504551;0.097823022452148;0.07583938618421354;0.07583938618421354;
-6.642642642642643;0.1301447875735993;0.09837962505267431;0.07787097442269852;0.07787097442269852;
-6.638638638638639;0.13060050739674336;0.0989362276532005;0.07990256266118305;0.07990256266118305;
-6.634634634634635;0.13105622721988755;0.09949283025372682;0.08193415089966803;0.08193415089966803;
-6.63063063063063;0.13151194704303176;0.10004943285425313;0.083965739138153;0.083965739138153;
-6.626626626626627;0.13196766686617584;0.10059643968972941;0.08599732737663753;0.08599732737663753;
-6.622622622622623;0.13242338668932002;0.10114227336014853;0.08802891561512251;0.08794606220760981;
-6.618618618618619;0.13287910651246412;0.10168810703056752;0.090060503853607;0.08973812713939106;
-6.614614614614615;0.13333482633560828;0.10223394070098664;0.09209209209209197;0.09153019207117266;
-6.61061061061061;0.1337905461587525;0.10277977437140576;0.09412368033057694;0.0933222570029543;
-6.606606606606607;0.1342462659818966;0.10332560804182472;0.09615526856906144;0.09511432193473551;
-6.602602602602603;0.13470198580504078;0.10387144171224386;0.09818685680754641;0.09690638686651713;
-6.598598598598599;0.13515770562818488;0.10441727538266285;0.10021844504603092;0.09869845179829836;
-6.594594594594595;0.13561342545132904;0.10496310905308195;0.10225003328451587;0.10049051673007998;
-6.59059059059059;0.13606914527447325;0.10550894272350109;0.10428162152300084;0.1022825816618616;
-6.586586586586587;0.13652486509761735;0.10605477639392008;0.10631320976148534;0.10407464659364284;
-6.5825825825825826;0.13698058492076154;0.10660061006433919;0.10834479799997031;0.10586671152542446;
-6.578578578578579;0.1374363047439056;0.10714644373475819;0.1103763862384548;0.10716885141437382;
-6.574574574574575;0.1378920245670498;0.10769227740517731;0.11240797447693976;0.10770785167185756;
-6.57057057057057;0.138347744390194;0.10823811107559642;0.11443956271542474;0.1082468519293413;
-6.566566566566567;0.1388034642133381;0.10878394474601541;0.11647115095390928;0.10878585218682492;
-6.5625625625625625;0.1392591840364823;0.10932278712078666;0.11850273919239426;0.10932485244430867;
-6.558558558558559;0.13971490385962637;0.10985892231770755;0.12053432743087879;0.10986385270179229;
-6.554554554554555;0.14017062368277058;0.11039505751462857;0.12256591566936376;0.11040285295927603;
-6.55055055055055;0.14062634350591474;0.11093119271154958;0.12459750390784874;0.11094185321675977;
-6.546546546546547;0.14108206332905887;0.11146732790847048;0.12662909214633328;0.1114808534742434;
-6.5425425425425425;0.14153778315220303;0.1120034631053915;0.12866068038481826;0.11201985373172715;
-6.538538538538539;0.14199350297534713;0.11253959830231239;0.13069226862330277;0.11255885398921078;
-6.534534534534535;0.14244922279849132;0.11307573349923342;0.13272385686178773;0.11309785424669452;
-6.53053053053053;0.1429049426216355;0.11361186869615443;0.1347554451002727;0.11363685450417829;
-6.526526526526526;0.14336066244477969;0.11414800389307544;0.13678703333875772;0.11417585476166203;
-6.5225225225225225;0.1438163822679238;0.11468413908999635;0.13881862157724223;0.11471485501914566;
-6.518518518518519;0.1442721020910679;0.11522027428691724;0.13982478459827477;0.11525355255714825;
-6.514514514514515;0.14472782191421207;0.11575640948383825;0.14082657848737443;0.11578384325764862;
-6.51051051051051;0.14518354173735626;0.11629254468075927;0.14182837237647405;0.11631413395814899;
-6.506506506506506;0.14563926156050044;0.1168286798776803;0.14283016626557374;0.11684442465864935;
-6.5025025025025025;0.14609498138364457;0.1173648150746012;0.14383196015467317;0.11737471535914962;
-6.498498498498499;0.14655070120678865;0.11790095027152209;0.1448337540437726;0.11790500605964985;
-6.494494494494495;0.14700642102993283;0.1184350746045365;0.14583554793287226;0.11843529676015022;
-6.49049049049049;0.14746214085307704;0.11896256853596504;0.14683734182197192;0.11896558746065058;
-6.486486486486486;0.14791786067622123;0.11949006246739355;0.14783913571107155;0.11949587816115095;
-6.4824824824824825;0.14837358049936533;0.12001755639882195;0.14837358049936528;0.12002606873731153;
-6.478478478478479;0.1488293003225094;0.12054505033025034;0.1488293003225094;0.12055619586262296;
-6.474474474474475;0.14928502014565362;0.12107254426167885;0.14928502014565362;0.12108632298793454;
-6.47047047047047;0.1497407399687978;0.12160003819310738;0.14974073996879783;0.12161645011324611;
-6.466466466466466;0.15019645979194202;0.12212753212453589;0.15019645979194207;0.12214657723855768;
-6.4624624624624625;0.15065217961508612;0.12265502605596429;0.15065217961508617;0.12267670436386913;
-6.458458458458459;0.1511078994382302;0.12318251998739269;0.15110789943823028;0.12320683148918059;
-6.454454454454455;0.1515636192613744;0.12371001391882121;0.1515636192613745;0.12373695861449216;
-6.45045045045045;0.1520193390845186;0.12423750785024973;0.1520193390845187;0.12426708573980372;
-6.446446446446446;0.15247505890766277;0.12476500178167824;0.15247505890766286;0.12479283293331234;
-6.4424424424424425;0.15293077873080688;0.12529249571310663;0.15293077873080693;0.12531588821471054;
-6.438438438438439;0.15338649855395098;0.12581998964453503;0.15338649855395103;0.1258389434961088;
-6.434434434434435;0.15384221837709516;0.12634748357596357;0.15384221837709516;0.12636199877750712;
-6.43043043043043;0.15429793820023935;0.12687497750739207;0.15429793820023935;0.1268850540589055;
-6.426426426426426;0.15475365802338356;0.12740247143882058;0.15475365802338353;0.1274081093403038;
-6.4224224224224224;0.15520937784652766;0.12792996537024898;0.1552093778465276;0.12793116462170204;
-6.418418418418419;0.15566509766967174;0.1284553294056378;0.1556650976696717;0.12845421990310024;
-6.414414414414415;0.15612081749281592;0.12897500330746817;0.15612081749281587;0.1289772751844986;
-6.41041041041041;0.15657653731596013;0.12949467720929853;0.15657653731596005;0.1295003096483043;
-6.406406406406406;0.15703225713910435;0.13001435111112888;0.15703225713910426;0.13002246221927874;
-6.402402402402402;0.15748797696224842;0.13053402501295916;0.15748797696224837;0.13054461479025303;
-6.398398398398399;0.1579436967853925;0.13105369891478938;0.15794369678539244;0.13106676736122735;
-6.394394394394395;0.15839941660853674;0.13157337281661977;0.15839941660853663;0.1315889199322018;
-6.39039039039039;0.15885513643168092;0.13209304671845012;0.15885513643168084;0.1321110725031762;
-6.386386386386386;0.1593108562548251;0.13261272062028046;0.15931085625482502;0.1326332250741506;
-6.382382382382382;0.1597665760779692;0.13313239452211073;0.15976657607796912;0.13315537764512492;
-6.378378378378378;0.1602222959011134;0.13365206842394106;0.1602222959011133;0.13367753021609935;
-6.374374374374375;0.1606780157242575;0.13417174232577134;0.1606780157242574;0.13419968278707364;
-6.37037037037037;0.16113373554740168;0.1346914162276017;0.1611337355474016;0.13472183535804808;
-6.366366366366366;0.16158945537054586;0.13521109012943205;0.1615894553705458;0.13523907680047267;
-6.362362362362362;0.16204517519368994;0.1357307640312623;0.16204517519368988;0.13575467265652935;
-6.358358358358358;0.16250089501683415;0.13625043793309266;0.16250089501683407;0.1362702685125861;
-6.354354354354355;0.16295661483997823;0.1367701118349229;0.16295661483997817;0.13678586436864276;
-6.35035035035035;0.1634123346631224;0.13728978573675327;0.16341233466312238;0.13730146022469952;
-6.346346346346346;0.16386805448626662;0.13780945963858363;0.1638680544862666;0.13781705608075628;
-6.342342342342342;0.1643237743094107;0.13832913354041387;0.16432377430941067;0.13833265193681296;
-6.338338338338338;0.16477949413255488;0.13884880744224423;0.16477949413255485;0.13884824779286975;
-6.334334334334335;0.16523521395569898;0.13936378816079778;0.16523521395569896;0.1393638436489264;
-6.33033033033033;0.16569093377884317;0.13987639764658447;0.16569093377884314;0.13987943950498316;
-6.326326326326326;0.16614665360198735;0.14038900713237112;0.16614665360198733;0.14039503536103992;
-6.322322322322322;0.16660237342513146;0.14090161661815767;0.1666023734251314;0.1409099737291857;
-6.318318318318318;0.16705809324827564;0.14141422610394433;0.16705809324827559;0.14142469276226355;
-6.314314314314315;0.16751381307141974;0.1419268355897309;0.1675138130714197;0.14193941179534128;
-6.31031031031031;0.1679695328945639;0.14243944507551756;0.16796953289456387;0.14245413082841912;
-6.306306306306306;0.1684252527177081;0.14295205456130422;0.16842525271770806;0.14296884986149694;
-6.302302302302302;0.16888097254085221;0.14346466404709077;0.16888097254085216;0.1434835688945747;
-6.298298298298298;0.1693366923639964;0.14397727353287745;0.16933669236399634;0.1439982879276525;
-6.2942942942942945;0.16979241218714047;0.144489883018664;0.16979241218714045;0.14451300696073024;
-6.29029029029029;0.17024813201028466;0.1450024925044507;0.17024813201028463;0.1450277259938081;
-6.286286286286286;0.17070385183342887;0.14551510199023734;0.17070385183342884;0.14554244502688593;
-6.282282282282282;0.17115957165657295;0.1460277114760239;0.17115957165657292;0.14605716405996366;
-6.278278278278278;0.17161529147971716;0.14654032096181055;0.1716152914797171;0.1465718830930415;
-6.2742742742742745;0.17207101130286123;0.1470529304475971;0.17207101130286118;0.1470807904184704;
-6.27027027027027;0.17252673112600542;0.14756553993338378;0.1725267311260054;0.14758929850075386;
-6.266266266266266;0.1729824509491496;0.14807814941917044;0.17298245094914957;0.14809780658303734;
-6.262262262262262;0.1734381707722937;0.148590758904957;0.17343817077229368;0.14860631466532068;
-6.258258258258258;0.1738938905954379;0.14910336839074365;0.17389389059543786;0.14911482274760413;
-6.2542542542542545;0.17434961041858196;0.14961597787653022;0.17434961041858194;0.14962333082988746;
-6.25025025025025;0.17480533024172618;0.15012858736231688;0.17480533024172612;0.1501318389121709;
-6.246246246246246;0.17526105006487036;0.15063988723346564;0.17526105006487033;0.1506403469944544;
-6.242242242242242;0.17571676988801443;0.15114617650392018;0.17571676988801438;0.15114885507673773;
-6.238238238238238;0.17617248971115862;0.15165246577437483;0.17617248971115862;0.1516573631590212;
-6.2342342342342345;0.17662820953430272;0.15215875504482942;0.1766282095343027;0.1521658712413045;
-6.23023023023023;0.1770839293574469;0.1526650443152841;0.17708392935744688;0.152674379323588;
-6.226226226226226;0.17753964918059112;0.15317133358573876;0.17753964918059106;0.15318252329802692;
-6.222222222222222;0.1779953690037352;0.15367762285619332;0.17799536900373514;0.15368953783851375;
-6.218218218218218;0.17845108882687938;0.154183912126648;0.17845108882687932;0.1541965523790007;
-6.2142142142142145;0.17890680865002348;0.15469020139710254;0.1789068086500234;0.1547035669194875;
-6.21021021021021;0.17936252847316767;0.15519649066755722;0.17936252847316758;0.15521058145997446;
-6.206206206206206;0.17981824829631185;0.15570277993801188;0.17981824829631177;0.15571759600046137;
-6.202202202202202;0.18027396811945595;0.15620906920846644;0.18027396811945587;0.1562246105409482;
-6.198198198198198;0.18072968794260014;0.1567153584789211;0.18072968794260005;0.15673162508143512;
-6.1941941941941945;0.1811854077657442;0.15722164774937566;0.18118540776574416;0.15723863962192194;
-6.19019019019019;0.1816411275888884;0.15772793701983034;0.18164112758888834;0.15774565416240888;
-6.186186186186186;0.1820968474120326;0.158234226290285;0.18209684741203255;0.1582526687028958;
-6.182182182182182;0.1825525672351767;0.15874051556073956;0.18255256723517668;0.15875968324338263;
-6.178178178178178;0.1830082870583209;0.15924680483119424;0.1830082870583209;0.15926669778386957;
-6.1741741741741745;0.18346400688146497;0.15975309410164878;0.18346400688146497;0.1597737123243564;
-6.17017017017017;0.18391972670460915;0.1602593833721035;0.18391972670460918;0.1602783079775622;
-6.166166166166166;0.18437544652775337;0.16076567264255814;0.1843754465277534;0.16078104758073572;
-6.162162162162162;0.18483116635089747;0.16127196191301268;0.18483116635089747;0.1612837871839091;
-6.158158158158158;0.18528688617404165;0.16177825118346736;0.1852868861740417;0.1617865267870826;
-6.1541541541541545;0.18574260599718573;0.16228454045392193;0.18574260599718578;0.16228926639025598;
-6.15015015015015;0.1861983258203299;0.16279082972437658;0.18619832582033;0.16279200599342947;
-6.146146146146146;0.1866540456434741;0.16329331893666268;0.18665404564347424;0.16329474559660295;
-6.142142142142142;0.1871097654666182;0.16379392481948093;0.1871097654666183;0.16379748519977638;
-6.138138138138138;0.18756548528976238;0.16429453070229927;0.18756548528976247;0.16430022480294987;
-6.134134134134134;0.18802120511290646;0.1647951365851175;0.1880212051129066;0.16480296440612327;
-6.13013013013013;0.18847692493605067;0.16529574246793582;0.18847692493605075;0.16530570400929676;
-6.126126126126126;0.18893264475919486;0.16579634835075416;0.18893264475919494;0.16580844361247027;
-6.122122122122122;0.18938836458233896;0.16629695423357238;0.189388364582339;0.16631118321564364;
-6.118118118118118;0.18984408440548312;0.16679756011639074;0.1898440844054832;0.16681392281881716;
-6.114114114114114;0.19029980422862722;0.16729816599920896;0.1902998042286273;0.16731666242199056;
-6.11011011011011;0.19075552405177143;0.1677987718820273;0.19075552405177149;0.16781703729360464;
-6.106106106106106;0.19121124387491562;0.16829937776484563;0.19121124387491567;0.16831685468329283;
-6.102102102102102;0.1916669636980597;0.16879998364766385;0.19166696369805974;0.16881667207298084;
-6.098098098098098;0.19212268352120387;0.16930058953048222;0.19212268352120393;0.169316489462669;
-6.094094094094094;0.19257840334434798;0.16980119541330044;0.192578403344348;0.16981630685235705;
-6.09009009009009;0.1930341231674922;0.17030180129611877;0.1930341231674922;0.1703161242420452;
-6.086086086086086;0.19348984299063635;0.17080240717893713;0.19348984299063637;0.17081594163173336;
-6.082082082082082;0.19394556281378045;0.17130301306175535;0.19394556281378048;0.17131575902142143;
-6.078078078078078;0.19440128263692463;0.1718036189445737;0.1944012826369247;0.17181557641110956;
-6.074074074074074;0.1948570024600687;0.1723042248273919;0.19485700246006882;0.17231539380079763;
-6.07007007007007;0.19531272228321292;0.17280483071021024;0.195312722283213;0.17281521119048576;
-6.066066066066066;0.1957684421063571;0.17330543659302858;0.19576844210635722;0.17331502858017392;
-6.062062062062062;0.1962241619295012;0.1738060424758468;0.19622416192950132;0.17381484596986196;
-6.058058058058058;0.1966798817526454;0.17430664835866513;0.19667988175264553;0.17431466335955012;
-6.054054054054054;0.1971356015757895;0.17480725424148338;0.19713560157578963;0.17481448074923817;
-6.05005005005005;0.19759132139893365;0.17530786012430172;0.19759132139893384;0.17531429813892632;
-6.046046046046046;0.1980470412220779;0.17580846600712005;0.19804704122207803;0.17581218842959428;
-6.042042042042042;0.19850276104522196;0.17630907188993827;0.19850276104522216;0.17630974230630558;
-6.038038038038038;0.19895848086836615;0.17680568729608095;0.19895848086836637;0.17680729618301705;
-6.034034034034034;0.19941420069151025;0.1773011793849568;0.19941420069151047;0.17730485005972835;
-6.03003003003003;0.19986992051465444;0.17779667147383268;0.1998699205146547;0.17780240393643976;
-6.026026026026026;0.2003256403377986;0.1782921635627086;0.20032564033779887;0.17829995781315117;
-6.022022022022022;0.20078136016094272;0.17878765565158444;0.20078136016094297;0.17879751168986252;
-6.018018018018018;0.2012370799840869;0.17928314774046034;0.20123707998408716;0.17929506556657393;
-6.014014014014014;0.20169279980723098;0.17977863982933617;0.20169279980723123;0.17979261944328523;
-6.01001001001001;0.20214851963037517;0.1802741319182121;0.20214851963037542;0.1802901733199967;
-6.006006006006006;0.20260423945351938;0.18076962400708801;0.20260423945351957;0.1807877271967081;
-6.002002002002002;0.20305995927666348;0.18126511609596385;0.20305995927666365;0.18128528107341943;
-5.997997997997998;0.20351567909980767;0.18176060818483974;0.20351567909980783;0.18178283495013084;
-5.993993993993994;0.20397139892295174;0.18225610027371558;0.2039713989229519;0.18228038882684217;
-5.98998998998999;0.20442711874609593;0.1827515923625915;0.2044271187460961;0.1827779427035536;
-5.985985985985986;0.2048828385692401;0.18324708445146742;0.20488283856924028;0.183275496580265;
-5.981981981981982;0.20533855839238424;0.18374257654034323;0.20533855839238435;0.18377305045697634;
-5.977977977977978;0.20579427821552843;0.18423806862921915;0.20579427821552854;0.1842681864735025;
-5.973973973973974;0.2062499980386725;0.184733560718095;0.20624999803867258;0.18476138883194462;
-5.96996996996997;0.20670571786181668;0.18522905280697088;0.2067057178618168;0.18525459119038687;
-5.965965965965966;0.20716143768496087;0.18572454489584683;0.20716143768496098;0.1857477935488291;
-5.961961961961962;0.207617157508105;0.18622003698472264;0.20761715750810505;0.18624099590727128;
-5.957957957957958;0.20807287733124918;0.18671552907359856;0.2080728773312492;0.18673419826571352;
-5.953953953953954;0.20852859715439326;0.1872110211624744;0.2085285971543933;0.18722740062415566;
-5.94994994994995;0.20898431697753747;0.1877065132513503;0.2089843169775375;0.1877206029825979;
-5.945945945945946;0.20944003680068166;0.1882020053402262;0.20944003680068168;0.18821380534104015;
-5.941941941941942;0.20989575662382573;0.18869749742910202;0.20989575662382576;0.1887070076994823;
-5.937937937937938;0.21035147644696994;0.18919298951797794;0.21035147644696997;0.18920021005792453;
-5.933933933933934;0.21080719627011402;0.18968848160685378;0.21080719627011407;0.18969341241636667;
-5.92992992992993;0.2112629160932582;0.1901839736957297;0.21126291609325826;0.19018661477480892;
-5.925925925925926;0.21171863591640241;0.19067946578460562;0.21171863591640244;0.19067981713325116;
-5.921921921921922;0.2121743557395465;0.19117389358360082;0.21217435573954657;0.1911730194916933;
-5.917917917917918;0.21263007556269067;0.19166478186643077;0.21263007556269076;0.19166622185013554;
-5.913913913913914;0.21308579538583478;0.19215567014926058;0.21308579538583483;0.1921594242085777;
-5.90990990990991;0.21354151520897896;0.1926465584320905;0.21354151520897902;0.19265262656701992;
-5.905905905905906;0.21399723503212315;0.19313744671492045;0.21399723503212323;0.1931458289254622;
-5.901901901901902;0.21445295485526725;0.19362833499775028;0.21445295485526733;0.19363753364585234;
-5.897897897897898;0.21490867467841143;0.19411922328058023;0.21490867467841152;0.19412881715979763;
-5.893893893893894;0.21536439450155553;0.19461011156341002;0.21536439450155562;0.19462010067374275;
-5.88988988988989;0.21582011432469972;0.19510099984623996;0.2158201143246998;0.19511138418768806;
-5.885885885885886;0.21627583414784393;0.19559188812906989;0.216275834147844;0.19560266770163331;
-5.881881881881882;0.21673155397098803;0.1960827764118997;0.2167315539709881;0.1960939512155785;
-5.877877877877878;0.21718727379413222;0.19657366469472964;0.21718727379413227;0.19658523472952377;
-5.873873873873874;0.21764299361727632;0.19706455297755948;0.2176429936172764;0.19707651824346895;
-5.86986986986987;0.21809871344042053;0.19755544126038943;0.21809871344042056;0.19756780175741423;
-5.865865865865866;0.21855443326356472;0.19804632954321932;0.21855443326356477;0.19805908527135951;
-5.861861861861862;0.21901015308670882;0.19853721782604916;0.21901015308670885;0.1985503687853047;
-5.857857857857858;0.219465872909853;0.1990281061088791;0.21946587290985303;0.19904165229924997;
-5.853853853853854;0.2199215927329971;0.19951899439170895;0.21992159273299716;0.19953293581319512;
-5.84984984984985;0.2203773125561413;0.20000988267453887;0.22037731255614135;0.20002421932714043;
-5.8458458458458455;0.22083303237928548;0.2005007709573688;0.22083303237928553;0.20051550284108569;
-5.841841841841842;0.2212887522024296;0.20099165924019863;0.22128875220242963;0.20100678635503086;
-5.837837837837838;0.2217444720255738;0.20148254752302855;0.22174447202557385;0.20149806986897612;
-5.833833833833834;0.22220019184871787;0.2019734358058584;0.22220019184871792;0.2019893533829213;
-5.82982982982983;0.22265591167186208;0.20246432408868834;0.2226559116718621;0.20248063689686657;
-5.8258258258258255;0.2231116314950063;0.20295521237151826;0.2231116314950063;0.20297192041081183;
-5.821821821821822;0.22356735131815036;0.20344610065434807;0.2235673513181504;0.20346232087177402;
-5.817817817817818;0.2240230711412946;0.20393698893717802;0.2240230711412946;0.2039509996947203;
-5.813813813813814;0.22447879096443868;0.20442787722000785;0.2244787909644387;0.2044396785176665;
-5.80980980980981;0.22493451078758286;0.20491876550283777;0.22493451078758286;0.2049283573406128;
-5.8058058058058055;0.22539023061072705;0.20540965378566772;0.22539023061072708;0.20541703616355908;
-5.801801801801801;0.22584595043387126;0.20590054206849767;0.22584595043387126;0.20590571498650537;
-5.797797797797798;0.22630167025701536;0.20639143035132748;0.22630167025701534;0.20639439380945154;
-5.793793793793794;0.22675739008015947;0.20688231863415732;0.22675739008015947;0.20688307263239772;
-5.78978978978979;0.22721310990330368;0.2073704755975384;0.22721310990330362;0.207371751455344;
-5.7857857857857855;0.22766882972644786;0.20785721760775464;0.22766882972644784;0.2078604302782903;
-5.781781781781781;0.22812454954959205;0.20834395961797092;0.228124549549592;0.2083491091012366;
-5.777777777777778;0.22858026937273612;0.20883070162818707;0.22858026937273612;0.20883778792418278;
-5.773773773773774;0.22903598919588025;0.20931744363840324;0.2290359891958802;0.20932646674712896;
-5.76976976976977;0.22949170901902444;0.2098041856486195;0.22949170901902438;0.20981514557007525;
-5.7657657657657655;0.22994742884216865;0.21029092765883578;0.22994742884216857;0.21030382439302153;
-5.761761761761761;0.23040314866531286;0.21077766966905204;0.23040314866531275;0.21079250321596782;
-5.757757757757758;0.23085886848845694;0.2112644116792682;0.23085886848845683;0.211281182038914;
-5.753753753753754;0.231314588311601;0.21175115368948438;0.23131458831160095;0.2117698608618602;
-5.74974974974975;0.23177030813474522;0.21223789569970064;0.23177030813474514;0.21225853968480649;
-5.7457457457457455;0.2322260279578894;0.21272463770991692;0.23222602795788932;0.21274721850775277;
-5.741741741741741;0.23268174778103362;0.2132113797201332;0.2326817477810335;0.21323589733069903;
-5.737737737737738;0.2331374676041777;0.21369812173034936;0.23313746760417758;0.21372457615364523;
-5.733733733733734;0.23359318742732182;0.21418486374056553;0.23359318742732166;0.21421313932099842;
-5.72972972972973;0.234048907250466;0.21467160575078179;0.2340489072504659;0.21469849190795243;
-5.7257257257257255;0.23450462707361022;0.21515834776099804;0.23450462707361008;0.2151838444949064;
-5.721721721721721;0.2349603468967544;0.21564508977121433;0.23496034689675427;0.21566919708186041;
-5.717717717717718;0.2354160667198985;0.21613183178143047;0.23541606671989834;0.2161545496688143;
-5.713713713713714;0.23587178654304258;0.21661857379164665;0.23587178654304244;0.2166399022557682;
-5.70970970970971;0.2363275063661868;0.21710531580186293;0.2363275063661866;0.21712525484272222;
-5.7057057057057055;0.23678322618933098;0.2175920578120792;0.23678322618933084;0.2176106074296762;
-5.701701701701701;0.2372389460124752;0.21807879982229547;0.23723894601247503;0.21809596001663017;
-5.697697697697698;0.23769466583561927;0.21856554183251162;0.2376946658356191;0.2185813126035841;
-5.693693693693694;0.23815038565876337;0.2190522838427278;0.23815038565876323;0.21906666519053797;
-5.68968968968969;0.23860610548190755;0.21953902585294405;0.23860610548190744;0.219552017777492;
-5.685685685685685;0.23906182530505174;0.22002576786316033;0.23906182530505163;0.22003737036444598;
-5.681681681681681;0.23951754512819595;0.22051250987337662;0.2395175451281958;0.22052272295139996;
-5.677677677677678;0.23997326495134003;0.22099925188359276;0.23997326495133992;0.2210080755383539;
-5.673673673673674;0.24042898477448413;0.22148599389380894;0.24042898477448404;0.22149342812530776;
-5.66966966966967;0.2408847045976283;0.2219727359040252;0.24088470459762823;0.22197878071226176;
-5.665665665665665;0.2413404244207725;0.22245947791424148;0.24134042442077244;0.22246413329921577;
-5.661661661661661;0.24179614424391668;0.22294621992445773;0.24179614424391666;0.22294948588616978;
-5.657657657657658;0.24225186406706078;0.22343296193467388;0.24225186406706073;0.22343483847312368;
-5.653653653653654;0.2427075838902049;0.22391970394489005;0.24270758389020486;0.22392019106007754;
-5.64964964964965;0.2431633037133491;0.22440644595510634;0.24316330371334904;0.22440554364703155;
-5.645645645645645;0.24361902353649323;0.22489080086004967;0.24361902353649323;0.22489089623398556;
-5.641641641641641;0.24407474335963747;0.2253738081872038;0.24407474335963744;0.22537624882093957;
-5.637637637637638;0.24453046318278154;0.2258568155143578;0.24453046318278154;0.22586160140789344;
-5.633633633633634;0.24498618300592562;0.2263398228415118;0.24498618300592565;0.22634569212536967;
-5.62962962962963;0.24544190282906983;0.22682283016866592;0.24544190282906986;0.22682907978136996;
-5.625625625625625;0.24589762265221402;0.22730583749582003;0.24589762265221404;0.2273124674373702;
-5.621621621621621;0.2463533424753582;0.22778884482297418;0.24635334247535826;0.22779585509337041;
-5.617617617617618;0.2468090622985023;0.22827185215012816;0.24680906229850236;0.22827924274937056;
-5.613613613613614;0.24726478212164638;0.22875485947728216;0.24726478212164646;0.22876263040537073;
-5.60960960960961;0.24772050194479062;0.2292378668044363;0.24772050194479067;0.22924601806137096;
-5.605605605605605;0.24817622176793475;0.22972087413159042;0.24817622176793483;0.22972940571737122;
-5.601601601601601;0.24863194159107896;0.23020388145874454;0.24863194159107901;0.23021279337337147;
-5.597597597597598;0.24908766141422306;0.23068688878589855;0.24908766141422312;0.2306961810293716;
-5.593593593593594;0.24954338123736716;0.23116989611305255;0.24954338123736722;0.23117956868537173;
-5.58958958958959;0.24999910106051132;0.23165290344020667;0.2499991010605114;0.23166295634137202;
-5.585585585585585;0.25045482088365556;0.2321359107673608;0.25045482088365556;0.23214634399737225;
-5.581581581581581;0.25091054070679975;0.2326189180945149;0.25091054070679975;0.23262973165337247;
-5.5775775775775776;0.2513662605299438;0.2331019254216689;0.2513662605299439;0.23311311930937265;
-5.573573573573574;0.2518219803530879;0.23358493274882294;0.25182198035308795;0.23359650696537276;
-5.56956956956957;0.2522777001762321;0.23406794007597706;0.25227770017623213;0.23407989462137302;
-5.565565565565565;0.2527334199993763;0.23455094740313118;0.2527334199993764;0.23456328227737328;
-5.561561561561561;0.25318913982252045;0.23503395473028527;0.25318913982252056;0.23504666993337353;
-5.5575575575575575;0.2536448596456646;0.2355169620574393;0.25364485964566463;0.23553005758937365;
-5.553553553553554;0.2541005794688087;0.2359999693845933;0.2541005794688087;0.2360134452453738;
-5.54954954954955;0.25455629929195284;0.23648297671174745;0.2545562992919529;0.23649683290137402;
-5.545545545545545;0.2550120191150971;0.23696598403890154;0.2550120191150971;0.23698022055737428;
-5.541541541541541;0.25546773893824126;0.23744899136605566;0.25546773893824126;0.23746360821337453;
-5.5375375375375375;0.25592345876138534;0.2379319986932097;0.25592345876138534;0.23794699586937468;
-5.533533533533534;0.2563791785845294;0.2384150060203637;0.25637917858452947;0.23843038352537482;
-5.52952952952953;0.2568348984076736;0.2388980133475178;0.25683489840767365;0.23891377118137508;
-5.525525525525525;0.2572906182308178;0.2393810206746719;0.25729061823081784;0.23939537160199156;
-5.521521521521521;0.257746338053962;0.23986402800182605;0.257746338053962;0.2398767407130681;
-5.5175175175175175;0.2582020578771061;0.24034703532898005;0.2582020578771061;0.24035810982414454;
-5.513513513513514;0.25865777770025017;0.24083004265613406;0.2586577777002502;0.240839478935221;
-5.50950950950951;0.25911349752339435;0.24131304998328817;0.2591134975233944;0.24132084804629755;
-5.505505505505505;0.25956921734653854;0.24179605731044232;0.2595692173465386;0.24180221715737413;
-5.501501501501501;0.2600249371696828;0.2422790646375964;0.2600249371696828;0.24228358626845067;
-5.4974974974974975;0.26048065699282685;0.24276207196475044;0.2604806569928269;0.24276495537952708;
-5.493493493493494;0.2609363768159709;0.24324507929190442;0.260936376815971;0.24324632449060357;
-5.48948948948949;0.2613920966391151;0.24372808661905854;0.2613920966391152;0.24372769360168012;
-5.485485485485485;0.2618478164622593;0.24420882521253573;0.2618478164622594;0.24420906271275666;
-5.481481481481481;0.2623035362854035;0.24468846930935725;0.2623035362854036;0.2446904318238332;
-5.4774774774774775;0.2627592561085476;0.24516811340617867;0.26275925610854767;0.24517180093490967;
-5.473473473473474;0.2632149759316917;0.24564775750300016;0.2632149759316918;0.24565317004598614;
-5.46946946946947;0.2636706957548359;0.2461274015998217;0.263670695754836;0.24613453915706268;
-5.465465465465465;0.2641264155779801;0.24660704569664324;0.2641264155779802;0.24661590826813923;
-5.461461461461461;0.2645821354011243;0.2470866897934648;0.2645821354011244;0.24709727737921583;
-5.4574574574574575;0.26503785522426837;0.2475663338902862;0.2650378552242685;0.24757864649029226;
-5.453453453453454;0.2654935750474125;0.24804597798710767;0.26549357504741256;0.2480600156013687;
-5.44944944944945;0.2659492948705567;0.24852562208392923;0.26594929487055674;0.24854138471244525;
-5.445445445445445;0.2664050146937009;0.24900526618075075;0.266405014693701;0.24902275382352182;
-5.441441441441441;0.26686073451684506;0.2494849102775723;0.26686073451684517;0.24950412293459837;
-5.4374374374374375;0.2673164543399892;0.24996455437439374;0.2673164543399893;0.24998549204567483;
-5.433433433433434;0.26777217416313326;0.2504441984712152;0.26777217416313337;0.25046686115675126;
-5.42942942942943;0.2682278939862775;0.2509238425680368;0.26822789398627755;0.2509482302678278;
-5.425425425425425;0.2686836138094217;0.2514034866648583;0.26868361380942174;0.2514295993789044;
-5.421421421421421;0.26913933363256587;0.25188313076167984;0.2691393336325659;0.25191096848998096;
-5.4174174174174174;0.26959505345571;0.25236277485850134;0.26959505345571005;0.2523923376010574;
-5.413413413413414;0.2700507732788541;0.2528424189553227;0.27005077327885413;0.25287370671213383;
-5.40940940940941;0.27050649310199826;0.2533220630521443;0.27050649310199837;0.2533537116701356;
-5.405405405405405;0.27096221292514244;0.2538017071489658;0.27096221292514255;0.25383208077518377;
-5.401401401401401;0.2714179327482866;0.2542813512457874;0.27141793274828674;0.254310449880232;
-5.397397397397397;0.27187365257143076;0.2547609953426088;0.27187365257143087;0.2547888189852801;
-5.393393393393394;0.2723293723945749;0.25524063943943026;0.27232937239457494;0.2552671880903282;
-5.38938938938939;0.27278509221771907;0.2557202835362518;0.2727850922177191;0.25574555719537645;
-5.385385385385385;0.27324081204086326;0.25619992763307337;0.2732408120408633;0.2562239263004247;
-5.381381381381381;0.27369653186400744;0.2566795717298949;0.27369653186400755;0.25670229540547285;
-5.377377377377377;0.2741522516871515;0.25715921582671636;0.27415225168715157;0.25718066451052096;
-5.373373373373374;0.27460797151029565;0.2576388599235378;0.2746079715102957;0.2576590336155691;
-5.36936936936937;0.27506369133343983;0.25811850402035935;0.2750636913334399;0.2581374027206173;
-5.365365365365365;0.275519411156584;0.2585981481171809;0.27551941115658407;0.25861577182566553;
-5.361361361361361;0.27597513097972826;0.25907779221400246;0.27597513097972826;0.25909414093071376;
-5.357357357357357;0.27643085080287233;0.2595574363108239;0.2764308508028724;0.25957251003576187;
-5.353353353353354;0.2768865706260164;0.26003708040764534;0.27688657062601646;0.26005087914080993;
-5.34934934934935;0.2773422904491606;0.2605167245044669;0.27734229044916064;0.26052924824585816;
-5.345345345345345;0.27779801027230483;0.26099636860128844;0.2777980102723049;0.2610076173509064;
-5.341341341341341;0.278253730095449;0.26147601269811;0.278253730095449;0.2614859864559546;
-5.337337337337337;0.2787094499185931;0.26195565679493144;0.27870944991859314;0.2619643555610027;
-5.333333333333334;0.2791651697417372;0.2624353008917529;0.2791651697417372;0.26244272466605084;
-5.32932932932933;0.2796208895648814;0.26291494498857443;0.2796208895648814;0.26292109377109907;
-5.325325325325325;0.2800766093880256;0.263394589085396;0.2800766093880256;0.26339946287614724;
-5.321321321321321;0.2805323292111698;0.26387423318221753;0.2805323292111698;0.26387783198119547;
-5.317317317317317;0.2809880490343139;0.264353877279039;0.2809880490343139;0.2643562010862436;
-5.313313313313314;0.28144376885745803;0.26483352137586036;0.281443768857458;0.2648345701912917;
-5.3093093093093096;0.28189948868060216;0.2653126285329043;0.28189948868060216;0.2653129392963399;
-5.305305305305305;0.2823552085037464;0.26578924581537167;0.28235520850374635;0.26579130840138815;
-5.301301301301301;0.2828109283268906;0.266265863097839;0.28281092832689053;0.2662696775064364;
-5.297297297297297;0.28326664815003466;0.2667424803803062;0.28326664815003466;0.2667480466114845;
-5.293293293293294;0.2837223679731788;0.2672190976627734;0.28372236797317874;0.2672264157165326;
-5.2892892892892895;0.284178087796323;0.26769571494524075;0.2841780877963229;0.2677047848215808;
-5.285285285285285;0.2846338076194672;0.26817233222770803;0.2846338076194671;0.268183153926629;
-5.281281281281281;0.28508952744261135;0.26864894951017537;0.2850895274426113;0.26866152303167723;
-5.277277277277277;0.2855452472657555;0.26912556679264255;0.2855452472657554;0.2691379855044699;
-5.273273273273274;0.28600096708889955;0.2696021840751098;0.2860009670888995;0.26961444404738655;
-5.2692692692692695;0.28645668691204373;0.27007880135757706;0.2864566869120437;0.27009090259030316;
-5.265265265265265;0.2869124067351879;0.2705554186400444;0.28691240673518786;0.27056736113321983;
-5.261261261261261;0.28736812655833216;0.2710320359225117;0.28736812655833205;0.2710438196761365;
-5.257257257257257;0.28782384638147623;0.2715086532049789;0.2878238463814761;0.27152027821905306;
-5.253253253253254;0.28827956620462036;0.27198527048744614;0.28827956620462025;0.27199673676196967;
-5.2492492492492495;0.28873528602776455;0.2724618877699134;0.28873528602776444;0.27247319530488634;
-5.245245245245245;0.28919100585090873;0.27293850505238076;0.2891910058509086;0.272949653847803;
-5.241241241241241;0.289646725674053;0.2734151223348481;0.28964672567405286;0.2734261123907197;
-5.237237237237237;0.29010244549719705;0.2738917396173153;0.29010244549719694;0.27390257093363624;
-5.233233233233234;0.2905581653203411;0.27436835689978245;0.290558165320341;0.2743790294765528;
-5.2292292292292295;0.2910138851434853;0.2748449741822498;0.2910138851434852;0.27485548801946946;
-5.225225225225225;0.2914696049666295;0.27532159146471713;0.29146960496662944;0.2753319465623862;
-5.221221221221221;0.29192532478977373;0.2757982087471844;0.2919253247897736;0.27580840510530286;
-5.217217217217217;0.2923810446129178;0.2762748260296516;0.29238104461291775;0.27628486364821947;
-5.213213213213214;0.2928367644360619;0.27675144331211887;0.29283676443606177;0.276761322191136;
-5.2092092092092095;0.2932924842592061;0.27722806059458616;0.293292484259206;0.2772377807340527;
-5.205205205205205;0.29374820408235025;0.27770467787705344;0.2937482040823502;0.2777142392769693;
-5.201201201201201;0.29420392390549444;0.2781812951595208;0.29420392390549444;0.278190697819886;
-5.197197197197197;0.29465964372863857;0.278657912441988;0.2946596437286385;0.2786671563628026;
-5.193193193193194;0.29511536355178264;0.2791345297244552;0.2951153635517826;0.27914361490571915;
-5.1891891891891895;0.2955710833749268;0.2796111470069225;0.29557108337492677;0.2796200734486358;
-5.185185185185185;0.29602680319807106;0.28008776428938986;0.29602680319807095;0.2800965319915525;
-5.181181181181181;0.2964825230212152;0.28056438157185715;0.2964825230212152;0.28057299053446916;
-5.177177177177177;0.2969382428443593;0.2810409988543244;0.29693824284435927;0.2810494490773857;
-5.173173173173174;0.2973939626675034;0.2815176161367916;0.2973939626675034;0.28152590762030233;
-5.1691691691691695;0.2978496824906476;0.2819942334192589;0.2978496824906476;0.282002366163219;
-5.165165165165165;0.2983054023137918;0.2824708507017262;0.29830540231379177;0.28247882470613567;
-5.161161161161161;0.29876112213693595;0.2829474679841935;0.29876112213693595;0.28295528324905234;
-5.157157157157157;0.2992168419600801;0.2834240852666607;0.2992168419600801;0.2834317417919689;
-5.153153153153154;0.29967256178322416;0.2839007025491279;0.29967256178322416;0.28390820033488545;
-5.1491491491491495;0.30012828160636834;0.28437731983159525;0.30012828160636834;0.2843846588778022;
-5.145145145145145;0.3005840014295125;0.28485393711406254;0.3005840014295125;0.2848611174207188;
-5.141141141141141;0.3010397212526567;0.2853305543965299;0.3010397212526567;0.2853375759636355;
-5.137137137137137;0.3014954410758008;0.28580717167899705;0.30149544107580084;0.2858138833472501;
-5.133133133133134;0.3019511608989449;0.2862837889614643;0.3019511608989449;0.286288528954162;
-5.129129129129129;0.3024068807220891;0.28676040624393156;0.3024068807220891;0.2867631745610739;
-5.125125125125125;0.3028626005452333;0.2872370235263989;0.30286260054523334;0.2872378201679858;
-5.121121121121121;0.30331832036837747;0.2877136408088662;0.30331832036837747;0.2877124657748978;
-5.117117117117117;0.3037740401915216;0.2881902580913334;0.3037740401915216;0.2881871113818096;
-5.113113113113114;0.3042297600146657;0.28866687537380065;0.3042297600146657;0.2886617569887214;
-5.109109109109109;0.3046854798378098;0.2891422653871779;0.3046854798378099;0.28913640259563334;
-5.105105105105105;0.3051411996609541;0.2896161616567553;0.3051411996609541;0.2896110482025453;
-5.101101101101101;0.3055969194840982;0.29009005792633263;0.30559691948409823;0.29008569380945715;
-5.097097097097097;0.30605263930724236;0.2905639541959099;0.30605263930724236;0.29056033941636905;
-5.093093093093094;0.30650835913038643;0.29103785046548714;0.30650835913038643;0.29103498502328085;
-5.089089089089089;0.3069640789535306;0.2915117467350645;0.3069640789535306;0.29150963063019275;
-5.085085085085085;0.3074197987766748;0.2919856430046419;0.3074197987766748;0.2919842762371047;
-5.081081081081081;0.307875518599819;0.2924595392742192;0.307875518599819;0.2924589218440166;
-5.077077077077077;0.30833123842296306;0.29293343554379647;0.30833123842296306;0.2929335674509284;
-5.073073073073074;0.3087869582461072;0.29340733181337375;0.30878695824610713;0.29340821305784026;
-5.069069069069069;0.3092426780692513;0.29388122808295114;0.3092426780692513;0.29388285866475217;
-5.065065065065065;0.30969839789239556;0.29435512435252853;0.3096983978923955;0.29435750427166407;
-5.061061061061061;0.31015411771553975;0.29482902062210586;0.3101541177155397;0.2948321498785761;
-5.057057057057057;0.3106098375386838;0.2953029168916831;0.31060983753868376;0.2953067954854879;
-5.053053053053053;0.311065557361828;0.2957768131612605;0.31106555736182795;0.2957814410923998;
-5.049049049049049;0.31152127718497213;0.29625070943083776;0.3115212771849721;0.2962560866993116;
-5.045045045045045;0.3119769970081163;0.2967246057004151;0.3119769970081162;0.29673073230622354;
-5.041041041041041;0.3124327168312605;0.2971985019699924;0.3124327168312604;0.2972053779131355;
-5.037037037037037;0.3128884366544046;0.2976723982395697;0.3128884366544045;0.2976800235200473;
-5.033033033033033;0.31334415647754876;0.2981462945091471;0.3133441564775487;0.2981546691269592;
-5.029029029029029;0.31379987630069284;0.29862019077872437;0.3137998763006928;0.29862931473387105;
-5.025025025025025;0.314255596123837;0.2990940870483017;0.31425559612383697;0.29910396034078296;
-5.021021021021021;0.31471131594698126;0.2995679833178791;0.31471131594698115;0.2995786059476949;
-5.017017017017017;0.31516703577012534;0.3000418795874563;0.3151670357701253;0.3000532515546067;
-5.013013013013013;0.3156227555932695;0.3005157758570337;0.31562275559326947;0.3005278971615186;
-5.009009009009009;0.31607847541641365;0.30098967212661093;0.31607847541641354;0.30100254276843047;
-5.005005005005005;0.31653419523955784;0.30146356839618826;0.3165341952395577;0.3014771883753424;
-5.001001001001001;0.316989915062702;0.30193746466576565;0.3169899150627019;0.30195183398225434;
-4.996996996996997;0.3174456348858461;0.30241136093534293;0.317445634885846;0.30242647958916613;
-4.992992992992993;0.3179013547089903;0.3028852572049203;0.31790135470899017;0.3029011251960781;
-4.988988988988989;0.31835707453213435;0.30335915347449754;0.31835707453213424;0.3033757708029899;
-4.984984984984985;0.31881279435527854;0.30383304974407493;0.31881279435527843;0.3038504164099018;
-4.980980980980981;0.3192685141784227;0.30430694601365227;0.3192685141784226;0.30432506201681375;
-4.976976976976977;0.31972423400156685;0.30478084228322955;0.3197242340015667;0.30479932926745573;
-4.972972972972973;0.320179953824711;0.30525473855280694;0.3201799538247109;0.3052722023785662;
-4.968968968968969;0.32063567364785517;0.30572863482238416;0.32063567364785495;0.3057450754896766;
-4.964964964964965;0.3210913934709993;0.3062025310919615;0.32109139347099913;0.3062179486007871;
-4.960960960960961;0.32154711329414354;0.3066764273615389;0.3215471132941433;0.30669082171189754;
-4.956956956956957;0.3220028331172876;0.30715032363111616;0.32200283311728745;0.3071636948230079;
-4.952952952952953;0.3224585529404318;0.3076242199006935;0.32245855294043163;0.3076365679341184;
-4.948948948948949;0.32291427276357587;0.3080981161702708;0.32291427276357576;0.30810944104522875;
-4.944944944944945;0.32336999258672006;0.3085720124398481;0.3233699925867199;0.30858231415633924;
-4.940940940940941;0.3238257124098643;0.3090459087094255;0.3238257124098641;0.30905518726744974;
-4.936936936936937;0.32428143223300837;0.3095198049790028;0.32428143223300815;0.30952806037856007;
-4.932932932932933;0.32473715205615256;0.3099937012485801;0.3247371520561524;0.3100009334896706;
-4.928928928928929;0.32519287187929663;0.31046759751815733;0.32519287187929646;0.31047380660078094;
-4.924924924924925;0.3256485917024408;0.3109414937877347;0.32564859170244065;0.3109466797118914;
-4.920920920920921;0.32610431152558506;0.3114153900573121;0.32610431152558483;0.31141955282300193;
-4.916916916916917;0.32656003134872913;0.31188928632688934;0.32656003134872896;0.31189242593411226;
-4.912912912912913;0.3270157511718733;0.3123631825964667;0.32701575117187315;0.31236529904522276;
-4.908908908908909;0.32747147099501733;0.31283707886604395;0.3274714709950172;0.31283817215633314;
-4.904904904904905;0.3279271908181616;0.31331097513562134;0.3279271908181614;0.31331104526744363;
-4.900900900900901;0.3283829106413057;0.3137848714051987;0.32838291064130565;0.31378391837855407;
-4.896896896896897;0.32883863046444983;0.31425876767477595;0.3288386304644497;0.31425679148966446;
-4.892892892892893;0.329294350287594;0.3147326639443533;0.3292943502875939;0.3147296646007749;
-4.888888888888889;0.3297500701107381;0.3152065602139306;0.329750070110738;0.31520253771188533;
-4.884884884884885;0.3302057899338823;0.3156788314117202;0.33020578993388217;0.3156754108229958;
-4.880880880880881;0.33066150975702646;0.31615028564513364;0.33066150975702635;0.31614828393410627;
-4.876876876876877;0.3311172295801706;0.3166217398785469;0.3311172295801705;0.31662115704521665;
-4.872872872872873;0.3315729494033147;0.3170931941119603;0.33157294940331467;0.3170940301563271;
-4.868868868868869;0.33202866922645885;0.3175646483453736;0.33202866922645874;0.3175669032674375;
-4.864864864864865;0.33248438904960304;0.318036102578787;0.332484389049603;0.31803977637854797;
-4.8608608608608606;0.3329401088727472;0.3185075568122004;0.33294010887274716;0.31851264948965846;
-4.856856856856857;0.33339582869589135;0.31897901104561366;0.33339582869589124;0.3189855226007688;
-4.852852852852853;0.33385154851903553;0.31945046527902704;0.3338515485190354;0.3194583957118793;
-4.848848848848849;0.3343072683421796;0.31992191951244037;0.3343072683421795;0.31993126882298967;
-4.844844844844845;0.3347629881653238;0.32039337374585375;0.3347629881653237;0.32040414193410016;
-4.8408408408408405;0.335218707988468;0.3208648279792672;0.33521870798846787;0.3208770150452106;
-4.836836836836837;0.33567442781161205;0.32133628221268046;0.335674427811612;0.32134988815632104;
-4.832832832832833;0.33613014763475624;0.32180773644609384;0.3361301476347562;0.3218227612674315;
-4.828828828828829;0.33658586745790037;0.32227919067950717;0.33658586745790026;0.32229563437854186;
-4.824824824824825;0.3370415872810445;0.32275064491292055;0.33704158728104444;0.32276850748965236;
-4.8208208208208205;0.33749730710418874;0.32322209914633393;0.3374973071041886;0.3232413806007628;
-4.816816816816817;0.33795302692733287;0.32369355337974726;0.33795302692733276;0.3237142537118732;
-4.812812812812813;0.338408746750477;0.3241650076131606;0.33840874675047694;0.3241871268229836;
-4.808808808808809;0.33886446657362107;0.3246364618465739;0.338864466573621;0.324659999934094;
-4.804804804804805;0.3393201863967653;0.3251079160799873;0.3393201863967652;0.3251328730452045;
-4.8008008008008005;0.3397759062199095;0.3255793703134007;0.33977590621990944;0.325605746156315;
-4.796796796796797;0.34023162604305357;0.326050824546814;0.34023162604305346;0.3260769603780388;
-4.792792792792793;0.34068734586619775;0.3265222787802274;0.3406873458661977;0.3265477640370543;
-4.788788788788789;0.34114306568934183;0.32699373301364065;0.3411430656893418;0.3270185676960697;
-4.784784784784785;0.341598785512486;0.3274651872470541;0.341598785512486;0.3274893713550852;
-4.7807807807807805;0.3420545053356302;0.3279366414804675;0.34205450533563014;0.3279601750141007;
-4.776776776776776;0.3425102251587744;0.32840809571388085;0.34251022515877433;0.3284309786731162;
-4.772772772772773;0.34296594498191846;0.3288795499472941;0.34296594498191846;0.32890178233213163;
-4.768768768768769;0.3434216648050626;0.3293510041807075;0.34342166480506253;0.329372585991147;
-4.764764764764765;0.3438773846282068;0.32982245841412083;0.3438773846282067;0.32984338965016247;
-4.7607607607607605;0.3443331044513509;0.33029391264753427;0.3443331044513509;0.330314193309178;
-4.756756756756756;0.34478882427449514;0.3307653668809476;0.3447888242744951;0.33078499696819347;
-4.752752752752753;0.3452445440976392;0.3312368211143609;0.3452445440976392;0.3312558006272089;
-4.748748748748749;0.3457002639207833;0.33170827534777425;0.3457002639207833;0.3317266042862243;
-4.744744744744745;0.34615598374392753;0.33217972958118763;0.3461559837439275;0.3321974079452398;
-4.7407407407407405;0.3466117035670717;0.332651183814601;0.34661170356707166;0.3326682116042553;
-4.736736736736736;0.3470674233902159;0.33312263804801445;0.3470674233902159;0.3331390152632708;
-4.732732732732733;0.34752314321336;0.33359409228142767;0.34752314321336;0.3336098189222862;
-4.728728728728729;0.34797886303650405;0.334065546514841;0.34797886303650405;0.33408062258130156;
-4.724724724724725;0.34843458285964823;0.33453700074825443;0.34843458285964823;0.3345514262403171;
-4.7207207207207205;0.3488903026827924;0.33500845498166776;0.3488903026827924;0.3350222298993326;
-4.716716716716716;0.3493460225059366;0.3354799092150812;0.3493460225059366;0.33549303355834803;
-4.712712712712713;0.3498017423290807;0.33595136344849447;0.34980174232908073;0.33596383721736345;
-4.708708708708709;0.35025746215222475;0.33642281768190774;0.35025746215222486;0.33643464087637887;
-4.704704704704705;0.35071318197536894;0.3368942719153212;0.350713181975369;0.3369054445353944;
-4.7007007007007005;0.35116890179851323;0.3373657261487345;0.35116890179851323;0.33737624819440987;
-4.696696696696696;0.3516246216216574;0.33783718038214794;0.3516246216216574;0.33784705185342534;
-4.692692692692693;0.3520803414448015;0.33830863461556127;0.3520803414448015;0.33831785551244076;
-4.688688688688689;0.35253606126794557;0.33878008884897454;0.35253606126794557;0.3387886591714562;
-4.684684684684685;0.35299178109108975;0.3392515430823879;0.35299178109108975;0.33925946283047165;
-4.68068068068068;0.3534475009142339;0.33972299731580136;0.35344750091423394;0.3397302664894872;
-4.676676676676676;0.3539032207373781;0.34019445154921474;0.3539032207373782;0.34020107014850265;
-4.672672672672673;0.3543589405605222;0.340665905782628;0.35435894056052225;0.34067187380751807;
-4.668668668668669;0.35481466038366627;0.34113736001604134;0.3548146603836664;0.3411426774665335;
-4.664664664664665;0.35527038020681045;0.34160881424945466;0.35527038020681057;0.34161348112554896;
-4.66066066066066;0.35572610002995464;0.3420802684828681;0.35572610002995475;0.34208428478456443;
-4.656656656656656;0.3561818198530988;0.3425517227162815;0.35618181985309894;0.34255508844357996;
-4.652652652652653;0.3566375396762429;0.3430231769496948;0.356637539676243;0.3430258921025953;
-4.648648648648649;0.3570932594993871;0.3434946311831081;0.3570932594993871;0.34349669576161074;
-4.644644644644645;0.3575489793225312;0.34396608541652146;0.3575489793225313;0.3439674994206262;
-4.64064064064064;0.3580046991456754;0.3444375396499349;0.35800469914567545;0.34443830307964174;
-4.636636636636636;0.3584604189688196;0.3449089938833482;0.35846041896881964;0.3449091067386572;
-4.632632632632633;0.3589161387919637;0.3453786407649816;0.35891613879196377;0.34537991039767263;
-4.628628628628629;0.3593718586151078;0.34584790832356654;0.3593718586151079;0.345850714056688;
-4.624624624624625;0.35982757843825197;0.3463171758821516;0.359827578438252;0.3463215177157035;
-4.62062062062062;0.36028329826139616;0.3467864434407367;0.36028329826139627;0.34679232137471905;
-4.616616616616616;0.36073901808454034;0.3472557109993219;0.36073901808454045;0.3472631250337346;
-4.612612612612613;0.3611947379076844;0.34772497855790685;0.3611947379076845;0.34773392869274994;
-4.608608608608609;0.36165045773082855;0.34819424611649186;0.3616504577308286;0.34820473235176536;
-4.604604604604605;0.3621061775539727;0.3486635136750769;0.3621061775539728;0.3486755360107808;
-4.6006006006006;0.3625618973771169;0.34913278123366204;0.362561897377117;0.34914607025422933;
-4.596596596596596;0.3630176172002611;0.34960204879224716;0.36301761720026116;0.3496151586407951;
-4.592592592592593;0.36347333702340523;0.35007131635083216;0.3634733370234053;0.35008424702736085;
-4.588588588588589;0.36392905684654925;0.35054058390941717;0.36392905684654936;0.3505533354139266;
-4.584584584584585;0.3643847766696935;0.35100985146800223;0.36438477666969354;0.35102242380049237;
-4.58058058058058;0.3648404964928377;0.35147911902658735;0.3648404964928378;0.35149151218705815;
-4.576576576576576;0.36529621631598186;0.35194838658517236;0.36529621631598197;0.35196060057362405;
-4.5725725725725725;0.36575193613912593;0.35241765414375736;0.36575193613912604;0.3524296889601897;
-4.568568568568569;0.36620765596227;0.35288692170234237;0.3662076559622702;0.35289877734675545;
-4.564564564564565;0.36666337578541425;0.3533561892609275;0.36666337578541436;0.35336786573332124;
-4.56056056056056;0.36711909560855843;0.3538254568195126;0.36711909560855854;0.3538369541198871;
-4.556556556556556;0.3675748154317027;0.3542947243780977;0.36757481543170273;0.3543060425064529;
-4.5525525525525525;0.36803053525484664;0.3547639919366827;0.3680305352548468;0.3547751308930186;
-4.548548548548549;0.3684862550779908;0.3552332594952677;0.3684862550779909;0.35524421927958433;
-4.544544544544545;0.368941974901135;0.35570252705385275;0.3689419749011351;0.3557133076661501;
-4.54054054054054;0.36939769472427914;0.35617179461243786;0.3693976947242793;0.35618239605271595;
-4.536536536536536;0.3698534145474234;0.3566410621710229;0.3698534145474235;0.3566514844392818;
-4.5325325325325325;0.37030913437056745;0.35711032972960793;0.37030913437056756;0.35712057282584747;
-4.528528528528529;0.3707648541937115;0.35757959728819294;0.3707648541937117;0.3575896612124132;
-4.524524524524525;0.37122057401685576;0.35804886484677806;0.3712205740168559;0.358058749598979;
-4.52052052052052;0.37167629383999995;0.3585181324053631;0.3716762938400001;0.3585278379855449;
-4.516516516516516;0.3721320136631441;0.35898739996394824;0.3721320136631443;0.35899692637211067;
-4.5125125125125125;0.37258773348628826;0.35945666752253325;0.3725877334862884;0.35946601475867634;
-4.508508508508509;0.37304345330943234;0.35992593508111825;0.37304345330943245;0.35993510314524213;
-4.504504504504505;0.3734991731325765;0.3603952026397033;0.37349917313257663;0.3604041915318079;
-4.5005005005005;0.3739548929557207;0.3608644701982885;0.3739548929557208;0.3608732799183737;
-4.496496496496496;0.3744106127788649;0.36133373775687355;0.374410612778865;0.36134236830493954;
-4.4924924924924925;0.37486633260200897;0.3618030053154585;0.3748663326020091;0.3618114566915053;
-4.488488488488489;0.37532205242515304;0.3622722728740435;0.3753220524251532;0.36228054507807095;
-4.484484484484485;0.3757777722482972;0.36274154043262863;0.3757777722482974;0.36274963346463684;
-4.48048048048048;0.37623349207144147;0.3632108079912137;0.37623349207144163;0.36321872185120263;
-4.476476476476476;0.3766892118945856;0.3636800755497988;0.3766892118945858;0.3636878102377684;
-4.4724724724724725;0.3771449317177297;0.3641493431083838;0.3771449317177299;0.36415689862433415;
-4.468468468468469;0.37760065154087386;0.36461861066696877;0.37760065154087397;0.3646259870108999;
-4.464464464464465;0.378056371364018;0.3650878782255539;0.37805637136401815;0.36509507539746566;
-4.46046046046046;0.3785120911871622;0.365557145784139;0.37851209118716234;0.3655641637840315;
-4.456456456456456;0.3789678110103064;0.3660264133427241;0.3789678110103066;0.3660332521705973;
-4.4524524524524525;0.3794235308334505;0.3664956809013091;0.37942353083345065;0.366502340557163;
-4.448448448448449;0.37987925065659456;0.366964948459894;0.3798792506565947;0.36697142894372875;
-4.444444444444445;0.38033497047973874;0.36743421601847914;0.38033497047973897;0.3674405173302946;
-4.44044044044044;0.38079069030288293;0.36790348357706426;0.38079069030288315;0.3679096057168604;
-4.436436436436436;0.3812464101260271;0.3683727511356494;0.38124641012602734;0.3683786941034262;
-4.4324324324324325;0.3817021299491712;0.36884201869423433;0.3817021299491714;0.36884778248999195;
-4.428428428428429;0.3821578497723153;0.36931128625281934;0.3821578497723155;0.3693168708765576;
-4.424424424424425;0.3826135695954595;0.3697805538114044;0.3826135695954597;0.3697859592631234;
-4.42042042042042;0.3830692894186037;0.3702498213699895;0.3830692894186039;0.37025504764968925;
-4.416416416416416;0.3835250092417479;0.37071908892857464;0.3835250092417481;0.3707241360362551;
-4.412412412412412;0.383980729064892;0.37118835648715964;0.38398072906489217;0.3711932244228208;
-4.408408408408409;0.3844364488880361;0.3716576240457446;0.38443644888803624;0.3716623128093865;
-4.404404404404405;0.38489216871118026;0.3721268916043297;0.3848921687111804;0.37213140119595234;
-4.4004004004004;0.38534788853432445;0.3725961591629148;0.38534788853432467;0.3726004895825181;
-4.396396396396396;0.38580360835746863;0.3730654267214999;0.38580360835746885;0.37306957796908397;
-4.392392392392392;0.3862593281806127;0.3735346942800849;0.3862593281806129;0.3735386663556497;
-4.388388388388389;0.38671504800375683;0.3740039618386699;0.38671504800375706;0.37400775474221537;
-4.384384384384385;0.387170767826901;0.37447322939725497;0.3871707678269012;0.3744768431287812;
-4.38038038038038;0.38762648765004526;0.3749424969558401;0.38762648765004537;0.374945931515347;
-4.376376376376376;0.3880822074731894;0.3754117645144252;0.3880822074731896;0.3754143609072747;
-4.372372372372372;0.38853792729633346;0.3758810320730102;0.38853792729633374;0.3758819762427469;
-4.368368368368369;0.3889936471194776;0.3763502996315952;0.3889936471194778;0.3763495915782192;
-4.364364364364365;0.3894493669426218;0.3768195671901803;0.389449366942622;0.37681720691369147;
-4.36036036036036;0.38990508676576596;0.3772888347487654;0.3899050867657662;0.3772848222491638;
-4.356356356356356;0.39036080658891015;0.37775810230735046;0.39036080658891037;0.37775243758463617;
-4.352352352352352;0.3908165264120542;0.37822736986593547;0.3908165264120545;0.37822005292010846;
-4.348348348348349;0.39127224623519835;0.3786951984405968;0.3912722462351985;0.3786876682555807;
-4.344344344344345;0.39172796605834254;0.3791625137528223;0.3917279660583427;0.37915528359105305;
-4.34034034034034;0.3921836858814867;0.3796298290650478;0.39218368588148694;0.3796228989265254;
-4.336336336336336;0.3926394057046309;0.3800971443772732;0.3926394057046311;0.38009051426199775;
-4.332332332332332;0.393095125527775;0.3805644596894986;0.3930951255277752;0.38055812959747004;
-4.328328328328329;0.39355084535091905;0.38103177500172397;0.3935508453509192;0.3810257449329423;
-4.324324324324325;0.3940065651740633;0.3814990903139494;0.3940065651740635;0.3814933602684146;
-4.32032032032032;0.3944622849972075;0.3819664056261749;0.3944622849972077;0.381960975603887;
-4.316316316316316;0.39491800482035166;0.3824337209384004;0.39491800482035183;0.3824285909393593;
-4.312312312312312;0.3953737246434958;0.3829010362506257;0.39537372464349596;0.38289620627483156;
-4.308308308308309;0.3958294444666398;0.3833683515628511;0.39582944446664003;0.3833638216103038;
-4.3043043043043046;0.39628516428978405;0.3838356668750766;0.3962851642897842;0.38383143694577615;
-4.3003003003003;0.3967408841129282;0.384302982187302;0.3967408841129284;0.38429905228124855;
-4.296296296296296;0.3971966039360724;0.38477029749952746;0.3971966039360726;0.38476666761672085;
-4.292292292292292;0.3976523237592165;0.38523761281175284;0.39765232375921666;0.3852342829521931;
-4.288288288288289;0.39810804358236057;0.3857049281239782;0.3981080435823608;0.3857018982876653;
-4.2842842842842845;0.3985637634055048;0.3861722434362037;0.3985637634055049;0.38616951362313773;
-4.28028028028028;0.39901948322864894;0.38663955874842915;0.39901948322864916;0.38663712895861;
-4.276276276276276;0.3994752030517932;0.38710687406065464;0.39947520305179335;0.3871047442940825;
-4.272272272272272;0.39993092287493726;0.38757418937288;0.3999309228749375;0.38757235962955466;
-4.268268268268269;0.4003866426980814;0.38804150468510534;0.40038664269808155;0.3880399749650269;
-4.2642642642642645;0.4008423625212255;0.38850881999733083;0.40084236252122574;0.38850759030049925;
-4.26026026026026;0.40129808234436976;0.3889761353095563;0.4012980823443699;0.3889752056359716;
-4.256256256256256;0.40175380216751394;0.38944345062178176;0.4017538021675141;0.38944282097144395;
-4.252252252252252;0.402209521990658;0.3899107659340071;0.4022095219906582;0.38991043630691624;
-4.248248248248249;0.40266524181380214;0.3903780812462325;0.40266524181380225;0.3903780516423885;
-4.2442442442442445;0.40312096163694633;0.39084539655845796;0.40312096163694644;0.39084566697786083;
-4.24024024024024;0.4035766814600905;0.39131271187068345;0.4035766814600906;0.3913132823133332;
-4.236236236236236;0.4040324012832347;0.39178002718290894;0.40403240128323487;0.3917808976488055;
-4.232232232232232;0.4044881211063788;0.39224734249513427;0.40448812110637894;0.39224851298427776;
-4.228228228228229;0.40494384092952285;0.3927146578073597;0.40494384092952307;0.39271612831975;
-4.2242242242242245;0.40539956075266703;0.39318197311958514;0.4053995607526672;0.39318374365522235;
-4.22022022022022;0.4058552805758113;0.3936492884318106;0.4058552805758114;0.3936513589906947;
-4.216216216216216;0.40631100039895546;0.39411660374403606;0.4063110003989556;0.3941189743261671;
-4.212212212212212;0.40676672022209953;0.39458391905626145;0.4067667202220997;0.39458658966163934;
-4.208208208208209;0.40722244004524366;0.39505123436848677;0.40722244004524377;0.3950542049971116;
-4.2042042042042045;0.40767815986838785;0.39551854968071226;0.40767815986838796;0.39552182033258393;
-4.2002002002002;0.40813387969153203;0.39598586499293775;0.40813387969153214;0.3959894356680562;
-4.196196196196196;0.4085895995146762;0.3964531803051632;0.4085895995146763;0.39645705100352857;
-4.192192192192192;0.40904531933782035;0.3969204956173885;0.4090453193378204;0.3969246663390008;
-4.188188188188189;0.4095010391609644;0.39738781092961395;0.4095010391609645;0.3973922816744731;
-4.1841841841841845;0.4099567589841086;0.3978551262418394;0.4099567589841087;0.39785989700994545;
-4.18018018018018;0.4104124788072528;0.3983224415540649;0.4104124788072529;0.3983275123454178;
-4.176176176176176;0.410868198630397;0.39878975686629037;0.41086819863039703;0.39879512768089015;
-4.172172172172172;0.41132391845354105;0.3992570721785157;0.41132391845354116;0.39926274301636244;
-4.168168168168169;0.4117796382766852;0.3997243874907411;0.41177963827668523;0.3997303583518347;
-4.1641641641641645;0.41223535809982936;0.40019170280296656;0.4122353580998295;0.40019797368730703;
-4.16016016016016;0.41269107792297355;0.400659018115192;0.41269107792297366;0.4006655890227794;
-4.156156156156156;0.41314679774611773;0.40112633342741744;0.4131467977461178;0.4011332043582517;
-4.152152152152152;0.41360251756926186;0.40159364873964287;0.4136025175692619;0.40160081969372396;
-4.148148148148149;0.41405823739240594;0.4020609640518682;0.41405823739240605;0.4020684350291962;
-4.1441441441441444;0.4145139572155501;0.40252827936409363;0.4145139572155502;0.4025360503646686;
-4.14014014014014;0.41496967703869436;0.4029955946763192;0.41496967703869436;0.40300366570014096;
-4.136136136136136;0.41542539686183855;0.4034629099885446;0.4154253968618386;0.4034712810356133;
-4.132132132132132;0.41588111668498257;0.40393022530076994;0.4158811166849827;0.40393889637108554;
-4.128128128128129;0.4163368365081267;0.4043975406129954;0.41633683650812675;0.4044065117065578;
-4.124124124124124;0.4167925563312709;0.4048648559252208;0.41679255633127094;0.404873184326287;
-4.12012012012012;0.41724827615441507;0.40533217123744625;0.4172482761544151;0.40533940645857053;
-4.116116116116116;0.41770399597755925;0.4057994865496718;0.4177039959775593;0.405805628590854;
-4.112112112112112;0.41815971580070344;0.4062668018618971;0.41815971580070344;0.40627185072313743;
-4.108108108108109;0.4186154356238474;0.40673411717412244;0.4186154356238475;0.40673807285542085;
-4.104104104104104;0.4190711554469917;0.407201432486348;0.4190711554469917;0.4072042949877044;
-4.1001001001001;0.4195268752701359;0.40766874779857337;0.4195268752701359;0.407670517119988;
-4.096096096096096;0.41998259509328006;0.40813606311079886;0.41998259509328006;0.40813673925227145;
-4.092092092092092;0.42043831491642414;0.4086033784230243;0.4204383149164242;0.4086029613845549;
-4.088088088088089;0.42089403473956827;0.4090706937352496;0.42089403473956827;0.4090691835168383;
-4.084084084084084;0.4213497545627125;0.40953800904747506;0.42134975456271245;0.40953540564912183;
-4.08008008008008;0.4218054743858567;0.4100053243597006;0.42180547438585664;0.41000162778140536;
-4.076076076076076;0.4222611942090009;0.41047263967192604;0.4222611942090008;0.4104678499136889;
-4.072072072072072;0.42271691403214495;0.4109399549841514;0.4227169140321449;0.4109340720459723;
-4.068068068068069;0.423172633855289;0.4114072702963768;0.423172633855289;0.41140029417825574;
-4.064064064064064;0.4236283536784332;0.4118745856086022;0.4236283536784332;0.4118665163105393;
-4.06006006006006;0.4240840735015774;0.4123419009208277;0.4240840735015774;0.41233273844282275;
-4.056056056056056;0.4245397933247216;0.41280921623305317;0.4245397933247216;0.41279896057510634;
-4.052052052052052;0.4249955131478657;0.41327653154527855;0.42499551314786566;0.4132651827073897;
-4.048048048048049;0.4254512329710098;0.4137438468575039;0.42545123297100973;0.4137314048396732;
-4.044044044044044;0.42590695279415397;0.41421116216972936;0.4259069527941539;0.4141976269719567;
-4.04004004004004;0.42636267261729816;0.4146784774819548;0.4263626726172981;0.4146638491042402;
-4.036036036036036;0.4268183924404424;0.4151457927941803;0.4268183924404424;0.4151300712365238;
-4.032032032032032;0.42727411226358647;0.4156131081064056;0.42727411226358636;0.4155962933688072;
-4.028028028028028;0.42772983208673065;0.41608042341863116;0.42772983208673065;0.4160625155010907;
-4.024024024024024;0.42818555190987473;0.41654609373464546;0.42818555190987473;0.4165287376333741;
-4.02002002002002;0.4286412717330189;0.4170116725047241;0.42864127173301886;0.4169949597656577;
-4.016016016016016;0.42909699155616315;0.41747725127480273;0.4290969915561631;0.41746118189794124;
-4.012012012012012;0.4295527113793073;0.4179428300448813;0.4295527113793072;0.4179274040302246;
-4.008008008008008;0.43000843120245147;0.4184084088149599;0.43000843120245136;0.41839362616250814;
-4.004004004004004;0.4304641510255955;0.41887398758503847;0.43046415102559543;0.41885984829479156;
-4.0;0.4309198708487397;0.4193395663551171;0.4309198708487397;0.4193260704270751;
