-8.0;nan;nan;nan;nan;
-7.995995995995996;nan;nan;nan;nan;
-7.991991991991992;nan;nan;nan;nan;
-7.987987987987988;nan;nan;nan;nan;
-7.983983983983984;nan;nan;nan;nan;
-7.97997997997998;nan;nan;nan;nan;
-7.975975975975976;nan;nan;nan;nan;
-7.971971971971972;nan;nan;nan;nan;
-7.967967967967968;nan;nan;nan;nan;
-7.963963963963964;nan;nan;nan;nan;
-7.95995995995996;nan;nan;nan;nan;
-7.955955955955956;nan;nan;nan;nan;
-7.951951951951952;nan;nan;nan;nan;
-7.947947947947948;nan;nan;nan;nan;
-7.943943943943944;nan;nan;nan;nan;
-7.93993993993994;nan;nan;nan;nan;
-7.935935935935936;nan;nan;nan;nan;
-7.931931931931932;nan;nan;nan;nan;
-7.927927927927928;nan;nan;nan;nan;
-7.923923923923924;nan;nan;nan;nan;
-7.91991991991992;nan;nan;nan;nan;
-7.915915915915916;nan;nan;nan;nan;
-7.911911911911912;nan;nan;nan;nan;
-7.907907907907908;nan;nan;nan;nan;
-7.903903903903904;nan;nan;nan;nan;
-7.8998998998999;nan;nan;nan;nan;
-7.895895895895896;nan;nan;nan;nan;
-7.891891891891892;nan;nan;nan;nan;
-7.887887887887888;nan;nan;nan;nan;
-7.883883883883884;nan;nan;nan;nan;
-7.87987987987988;nan;nan;nan;nan;
-7.875875875875876;nan;nan;nan;nan;
-7.871871871871872;nan;nan;nan;nan;
-7.867867867867868;nan;nan;nan;nan;
-7.863863863863864;nan;nan;nan;nan;
-7.85985985985986;nan;nan;nan;nan;
-7.8558558558558556;nan;nan;nan;nan;
-7.851851851851852;nan;nan;nan;nan;
-7.847847847847848;nan;nan;nan;nan;
-7.843843843843844;nan;nan;nan;nan;
-7.83983983983984;nan;nan;nan;nan;
-7.8358358358358355;nan;nan;nan;nan;
-7.831831831831832;nan;nan;nan;nan;
-7.827827827827828;nan;nan;nan;nan;
-7.823823823823824;nan;nan;nan;nan;
-7.81981981981982;nan;nan;nan;nan;
-7.8158158158158155;nan;nan;nan;nan;
-7.811811811811812;nan;nan;nan;nan;
-7.807807807807808;nan;nan;nan;nan;
-7.803803803803804;nan;nan;nan;nan;
-7.7997997997998;nan;nan;nan;nan;
-7.7957957957957955;nan;nan;nan;nan;
-7.791791791791792;nan;nan;nan;nan;
-7.787787787787788;nan;nan;nan;nan;
-7.783783783783784;0.0002646379775155521;nan;nan;nan;
-7.77977977977978;0.0007203578006597876;nan;nan;nan;
-7.7757757757757755;0.0011760776238040234;nan;nan;nan;
-7.771771771771772;0.0016317974469481575;nan;nan;nan;
-7.767767767767768;0.002087517270092393;nan;nan;nan;
-7.763763763763764;0.0025432370932365277;nan;nan;nan;
-7.75975975975976;0.0029989569163807205;nan;nan;nan;
-7.7557557557557555;0.0034546767395249077;nan;nan;nan;
-7.751751751751752;0.003910396562668994;nan;nan;nan;
-7.747747747747748;0.004366116385813182;nan;nan;nan;
-7.743743743743744;0.0048218362089572685;nan;nan;nan;
-7.73973973973974;0.005277556032101455;nan;nan;nan;
-7.7357357357357355;0.005733275855245637;nan;nan;nan;
-7.731731731731732;0.006188995678389719;nan;nan;nan;
-7.727727727727728;0.0066447155015339;nan;nan;nan;
-7.723723723723724;0.007100435324677983;nan;nan;nan;
-7.71971971971972;0.007556155147822164;nan;nan;nan;
-7.7157157157157155;0.00801187497096635;nan;nan;nan;
-7.711711711711712;0.008467594794110446;nan;nan;nan;
-7.707707707707708;0.008923314617254645;nan;nan;nan;
-7.703703703703704;0.009379034440398743;nan;nan;nan;
-7.6996996996997;0.009834754263542942;nan;nan;nan;
-7.6956956956956954;0.01029047408668714;nan;nan;nan;
-7.691691691691692;0.010746193909831237;nan;nan;nan;
-7.687687687687688;0.011201913732975436;nan;nan;nan;
-7.683683683683684;0.011657633556119533;nan;nan;nan;
-7.67967967967968;0.012113353379263732;nan;nan;nan;
-7.675675675675675;0.012569073202407929;nan;nan;nan;
-7.671671671671672;0.013024793025552026;nan;nan;nan;
-7.667667667667668;0.013480512848696224;nan;nan;nan;
-7.663663663663664;0.013936232671840321;nan;nan;nan;
-7.65965965965966;0.014391952494984511;nan;nan;nan;
-7.655655655655655;0.0148476723181287;nan;nan;nan;
-7.651651651651652;0.015303392141272784;nan;nan;nan;
-7.647647647647648;0.015759111964416973;nan;nan;nan;
-7.643643643643643;0.01621483178756116;nan;nan;nan;
-7.63963963963964;0.016670551610705246;nan;nan;nan;
-7.635635635635635;0.017126271433849437;nan;nan;nan;
-7.631631631631632;0.017581991256993525;nan;nan;nan;
-7.627627627627628;0.01803771108013772;nan;nan;nan;
-7.623623623623623;0.018493430903281916;nan;nan;nan;
-7.61961961961962;0.018949150726426008;nan;nan;nan;
-7.615615615615615;0.019404870549570203;nan;nan;nan;
-7.611611611611612;0.019860590372714298;nan;nan;nan;
-7.607607607607608;0.020316310195858493;nan;nan;nan;
-7.603603603603603;0.020772030019002685;nan;nan;nan;
-7.5995995995996;0.021227749842146787;nan;nan;nan;
-7.595595595595595;0.021683469665290986;nan;nan;nan;
-7.591591591591592;0.022139189488435088;nan;nan;nan;
-7.587587587587588;0.022594909311579287;nan;nan;nan;
-7.583583583583583;0.023050629134723492;nan;nan;nan;
-7.57957957957958;0.023506348957867594;nan;nan;nan;
-7.575575575575575;0.023962068781011796;nan;nan;nan;
-7.571571571571572;0.024417788604155895;nan;nan;nan;
-7.5675675675675675;0.0248735084273001;nan;nan;nan;
-7.563563563563563;0.025329228250444313;nan;nan;nan;
-7.55955955955956;0.025784948073588415;nan;nan;nan;
-7.555555555555555;0.026240667896732628;nan;nan;nan;
-7.551551551551552;0.026696387719876733;nan;nan;nan;
-7.5475475475475475;0.027152107543020942;nan;nan;nan;
-7.543543543543543;0.027607827366165148;nan;nan;nan;
-7.53953953953954;0.028063547189309257;nan;nan;nan;
-7.535535535535535;0.028519267012453466;nan;nan;nan;
-7.531531531531532;0.02897498683559755;nan;nan;nan;
-7.5275275275275275;0.029430706658741732;nan;nan;nan;
-7.523523523523523;0.029886426481885914;nan;nan;nan;
-7.51951951951952;0.030342146305029988;nan;nan;nan;
-7.515515515515515;0.030797866128174166;nan;nan;nan;
-7.511511511511512;0.03125358595131825;nan;nan;nan;
-7.5075075075075075;0.031709305774462425;nan;nan;nan;
-7.503503503503503;0.0321650255976066;nan;nan;nan;
-7.4994994994995;0.032620745420750684;nan;nan;nan;
-7.495495495495495;0.03307646524389487;nan;nan;nan;
-7.491491491491492;0.03353218506703895;nan;nan;nan;
-7.4874874874874875;0.033987904890183135;nan;nan;nan;
-7.483483483483483;0.03444362471332733;nan;nan;nan;
-7.47947947947948;0.03489934453647141;nan;nan;nan;
-7.475475475475475;0.03535506435961559;nan;nan;nan;
-7.471471471471472;0.03581078418275968;nan;nan;nan;
-7.4674674674674675;0.036266504005903866;nan;nan;nan;
-7.463463463463463;0.03672222382904806;nan;nan;nan;
-7.45945945945946;0.037177943652192146;nan;nan;nan;
-7.455455455455455;0.03763366347533633;nan;nan;nan;
-7.451451451451452;0.03808938329848042;nan;nan;nan;
-7.4474474474474475;0.03854510312162461;nan;nan;nan;
-7.443443443443443;0.0390008229447688;nan;nan;nan;
-7.43943943943944;0.0394565427679129;nan;nan;nan;
-7.435435435435435;0.03991226259105708;nan;nan;nan;
-7.431431431431432;0.04036798241420117;nan;nan;nan;
-7.4274274274274275;0.04082370223734537;nan;nan;nan;
-7.423423423423423;0.041279422060489554;nan;nan;nan;
-7.41941941941942;0.04173514188363364;nan;nan;nan;
-7.415415415415415;0.04219086170677784;nan;nan;nan;
-7.411411411411412;0.04264658152992193;nan;nan;nan;
-7.407407407407407;0.043102301353066114;nan;nan;nan;
-7.403403403403403;0.0435580211762103;nan;nan;nan;
-7.3993993993994;0.04401374099935439;nan;nan;nan;
-7.395395395395395;0.04446946082249857;nan;nan;nan;
-7.391391391391391;0.04492518064564276;nan;nan;nan;
-7.387387387387387;0.045380900468786844;nan;nan;nan;
-7.383383383383383;0.04583662029193103;nan;nan;nan;
-7.37937937937938;0.04629234011507512;nan;nan;nan;
-7.375375375375375;0.0467480599382193;nan;nan;nan;
-7.371371371371371;0.047203779761363494;nan;nan;nan;
-7.367367367367367;0.04765949958450758;nan;nan;nan;
-7.363363363363363;0.048115219407651774;nan;nan;nan;
-7.35935935935936;0.048570939230795876;nan;nan;nan;
-7.355355355355355;0.049026659053940075;nan;nan;nan;
-7.351351351351351;0.049482378877084274;nan;nan;nan;
-7.347347347347347;0.049938098700228375;nan;nan;nan;
-7.343343343343343;0.050393818523372574;nan;nan;nan;
-7.33933933933934;0.050849538346516676;nan;nan;nan;
-7.335335335335335;0.051305258169660875;nan;nan;nan;
-7.331331331331331;0.051760977992805074;nan;nan;nan;
-7.327327327327327;0.052216697815949176;nan;nan;nan;
-7.323323323323323;0.052672417639093375;nan;nan;nan;
-7.31931931931932;0.053128137462237476;nan;nan;nan;
-7.315315315315315;0.05358385728538167;nan;nan;nan;
-7.311311311311311;0.05403957710852585;nan;nan;nan;
-7.307307307307307;0.054495296931669934;nan;nan;nan;
-7.303303303303303;0.05495101675481412;nan;nan;nan;
-7.2992992992992995;0.05540673657795819;nan;nan;nan;
-7.295295295295295;0.05586245640110238;nan;nan;nan;
-7.291291291291291;0.05631817622424656;nan;nan;nan;
-7.287287287287287;0.05677389604739064;nan;nan;nan;
-7.283283283283283;0.05722961587053482;nan;nan;nan;
-7.2792792792792795;0.0576853356936789;nan;nan;nan;
-7.275275275275275;0.05814105551682309;nan;nan;nan;
-7.271271271271271;0.05859677533996727;nan;nan;nan;
-7.267267267267267;0.059052495163111354;nan;nan;nan;
-7.263263263263263;0.05950821498625554;nan;nan;nan;
-7.2592592592592595;0.05996393480939963;nan;nan;nan;
-7.255255255255255;0.060419654632543826;nan;nan;nan;
-7.251251251251251;0.060875374455688025;nan;nan;nan;
-7.247247247247247;0.06133109427883211;nan;nan;nan;
-7.243243243243243;0.061786814101976305;nan;nan;nan;
-7.2392392392392395;0.06224253392512039;nan;nan;nan;
-7.235235235235235;0.06269825374826458;nan;nan;nan;
-7.231231231231231;0.06315397357140878;nan;nan;nan;
-7.227227227227227;0.06360969339455289;0.0004866553086788528;nan;nan;
-7.223223223223223;0.06406541321769707;0.0013628577353501517;nan;nan;
-7.2192192192192195;0.06452113304084117;0.0022390601620212564;nan;nan;
-7.215215215215215;0.06497685286398536;0.0031152625886925554;nan;nan;
-7.211211211211211;0.06543257268712954;0.003991465015363854;0.00038859851900061195;nan;
-7.207207207207207;0.06588829251027364;0.004867667442034959;0.0013972795471218317;nan;
-7.203203203203203;0.06634401233341784;0.0057424534944868705;0.0024059605752432753;nan;
-7.1991991991991995;0.06679973215656193;0.006605075470887945;0.0034146416033644955;nan;
-7.195195195195195;0.06725545197970613;0.00746769744728921;0.004423322631485939;nan;
-7.191191191191191;0.06771117180285031;0.008330319423690476;0.005432003659607383;nan;
-7.187187187187187;0.06816689162599442;0.00919294140009155;0.006440684687728603;nan;
-7.183183183183183;0.0686226114491386;0.010055563376492816;0.00742964474678238;nan;
-7.1791791791791795;0.06907833127228269;0.010918185352893892;0.00840788969310831;nan;
-7.175175175175175;0.06953405109542689;0.01176883773097841;0.009386134639434458;nan;
-7.171171171171171;0.06998977091857109;0.012612882834765101;0.010364379585760607;nan;
-7.167167167167167;0.07044549074171517;0.013456927938551605;0.01134262453208654;nan;
-7.163163163163163;0.07090121056485937;0.014300973042338292;0.012320869478412686;nan;
-7.1591591591591595;0.07135693038800346;0.015145018146124796;0.013299114424738618;nan;
-7.155155155155155;0.07181265021114765;0.015989063249911485;0.014234506520824478;nan;
-7.151151151151151;0.07226837003429185;0.016833108353698174;0.01516721786978674;nan;
-7.147147147147147;0.07272408985743593;0.01765709893906239;0.01609992921874879;nan;
-7.143143143143143;0.07317980968058013;0.01847724313800826;0.01703264056771105;nan;
-7.1391391391391394;0.07363552950372423;0.019297387336953943;0.017965351916673103;nan;
-7.135135135135135;0.07409124932686843;0.02011753153589981;0.01889806326563536;nan;
-7.131131131131131;0.07454696915001263;0.020937675734845677;0.019830774614597618;nan;
-7.127127127127127;0.07500268897315675;0.02175781993379136;0.020715850277177747;nan;
-7.123123123123123;0.07545840879630095;0.02257796413273723;0.021597853211773845;nan;
-7.119119119119119;0.07591412861944505;0.023377716869489928;0.022479856146369753;nan;
-7.115115115115115;0.07636984844258925;0.02416759005696886;0.02336185908096585;nan;
-7.111111111111111;0.07682556826573345;0.024957463244447795;0.02424386201556195;nan;
-7.107107107107107;0.07728128808887756;0.025747336431926553;0.025125864950157853;nan;
-7.103103103103103;0.07773700791202176;0.026537209619405484;0.02600786788475395;nan;
-7.099099099099099;0.07819272773516586;0.027327082806884243;0.026858270175962616;nan;
-7.095095095095095;0.07864844755831008;0.028116955994363178;0.027690271295836025;nan;
-7.091091091091091;0.07910416738145427;0.02890235859101986;0.028522272415709433;nan;
-7.087087087087087;0.07955988720459838;0.0296590021451118;0.02935427353558266;nan;
-7.083083083083083;0.08001560702774257;0.030415645699203908;0.030186274655456077;nan;
-7.079079079079079;0.08047132685088668;0.03117228925329585;0.0310182757753293;nan;
-7.075075075075075;0.08092704667403089;0.031928932807387955;0.03185027689520271;nan;
-7.071071071071071;0.08138276649717507;0.03268557636148006;0.03268227801507612;nan;
-7.067067067067067;0.08183848632031916;0.033442219915572;0.03346832523693781;nan;
-7.063063063063063;0.08229420614346336;0.03419886346966411;0.034254037705394154;nan;
-7.059059059059059;0.08274992596660745;0.03494988290383648;0.03503975017385032;nan;
-7.055055055055055;0.08320564578975163;0.03567827067576728;0.035825462642306655;nan;
-7.051051051051051;0.08366136561289583;0.03640665844769808;0.03661117511076299;nan;
-7.047047047047047;0.0841170854360399;0.03713504621962872;0.037396887579219155;nan;
-7.043043043043043;0.08457280525918409;0.037863433991559524;0.03818260004767549;nan;
-7.039039039039039;0.0850285250823282;0.038591821763490165;0.038968312516131656;nan;
-7.035035035035035;0.08548424490547238;0.039320209535420966;0.03971325287695666;nan;
-7.031031031031031;0.08593996472861656;0.040048597307351774;0.04045759747527526;nan;
-7.027027027027027;0.08639568455176065;0.040776985079282416;0.041201942073593706;nan;
-7.023023023023023;0.08685140437490485;0.04148293647880819;0.0419462866719123;nan;
-7.019019019019019;0.08730712419804892;0.04218402949848543;0.04269063127023075;nan;
-7.015015015015015;0.08776284402119312;0.04288512251816281;0.04343497586854935;nan;
-7.011011011011011;0.08821856384433731;0.04358621553784019;0.044179320466867955;nan;
-7.007007007007007;0.0886742836674814;0.04428730855751742;0.0449236650651864;nan;
-7.003003003003003;0.08913000349062558;0.044988401577194796;0.04564743630729685;nan;
-6.998998998998999;0.08958572331376967;0.04568949459687203;0.04635553153888647;nan;
-6.994994994994995;0.09004144313691385;0.046390587616549406;0.04706362677047624;nan;
-6.990990990990991;0.09049716296005805;0.04709168063622678;0.04777172200206602;nan;
-6.986986986986987;0.09095288278320214;0.04776800436787513;0.04847981723365563;nan;
-6.982982982982983;0.09140860260634633;0.04844339744694558;0.04918791246524541;nan;
-6.978978978978979;0.09186432242949041;0.049118790526015886;0.049896007696835026;nan;
-6.974974974974975;0.0923200422526346;0.04979418360508634;0.05060410292842481;nan;
-6.970970970970971;0.0927757620757788;0.050469576684156796;0.05131219816001458;nan;
-6.966966966966967;0.09323148189892289;0.051144969763227105;0.051998585472170726;nan;
-6.962962962962963;0.09368720172206707;0.05182036284229755;0.05267524345844491;nan;
-6.958958958958959;0.09414292154521117;0.05249575592136786;0.05335190144471894;nan;
-6.954954954954955;0.09459864136835536;0.05317114900043832;0.05402855943099313;nan;
-6.950950950950951;0.09505436119149954;0.053832832584060346;0.054705217417267304;nan;
-6.946946946946947;0.09551008101464362;0.054484530494423894;0.055381875403541336;nan;
-6.942942942942943;0.09596580083778782;0.055136228404787574;0.056058533389815514;nan;
-6.938938938938939;0.0964215206609319;0.055787926315151115;0.05673519137608955;nan;
-6.934934934934935;0.09687724048407609;0.0564396242255148;0.05741184936236373;nan;
-6.930930930930931;0.09733296030722029;0.05709132213587849;0.058080317874757266;nan;
-6.926926926926927;0.09778868013036437;0.057743020046242016;0.05872983485467734;nan;
-6.922922922922923;0.09824439995350856;0.05839471795660571;0.05937935183459754;nan;
-6.918918918918919;0.09870011977665265;0.05904641586696925;0.060028868814517605;nan;
-6.914914914914915;0.09915583959979685;0.05969811377733294;0.06067838579443782;nan;
-6.910910910910911;0.09961155942294105;0.06033660384096935;0.061327902774358026;nan;
-6.906906906906907;0.10006727924608513;0.060966791984657334;0.061977419754278104;nan;
-6.902902902902903;0.10052299906922933;0.061596980128345455;0.06262693673419831;nan;
-6.898898898898899;0.10097871889237342;0.06222716827203344;0.06327645371411839;nan;
-6.894894894894895;0.1014344387155176;0.06285735641572156;0.06392597069403859;nan;
-6.890890890890891;0.10189015853866179;0.06348754455940966;0.06456744139946363;nan;
-6.886886886886887;0.1023458783618059;0.06411773270309765;0.06519354615600008;nan;
-6.882882882882883;0.1028015981849501;0.06474792084678577;0.06581965091253665;nan;
-6.878878878878879;0.10325731800809419;0.06537810899047375;0.0664457556690731;nan;
-6.874874874874875;0.10371303783123839;0.06600829713416187;0.06707186042560967;nan;
-6.870870870870871;0.10416875765438258;0.06663827262088445;0.06769796518214624;nan;
-6.866866866866867;0.10462447747752668;0.06724914253101345;0.06832406993868267;nan;
-6.862862862862863;0.10508019730067086;0.06786001244114259;0.06895017469521926;nan;
-6.858858858858859;0.10553591712381497;0.06847088235127159;0.06957627945175571;nan;
-6.854854854854855;0.10599163694695915;0.0690817522614007;0.07020238420829228;nan;
-6.8508508508508505;0.10644735677010335;0.06969262217152986;0.07082848896482886;nan;
-6.846846846846847;0.10690307659324744;0.07030349208165884;0.07143935458143903;nan;
-6.842842842842843;0.10735879641639165;0.07091436199178798;0.07204523391151368;nan;
-6.838838838838839;0.10781451623953574;0.07152523190191698;0.0726511132415882;nan;
-6.834834834834835;0.10827023606267994;0.07213610181204612;0.07325699257166285;nan;
-6.8308308308308305;0.10872595588582412;0.07274697172217526;0.07386287190173751;nan;
-6.826826826826827;0.10918167570896822;0.07335784163230426;0.07446875123181201;nan;
-6.822822822822823;0.10963739553211241;0.07395659745349042;0.07507463056188667;nan;
-6.818818818818819;0.11009311535525651;0.07455023532137131;0.07568050989196118;nan;
-6.814814814814815;0.1105488351784007;0.07514387318925232;0.07628638922203583;nan;
-6.8108108108108105;0.11100455500154491;0.07573751105713333;0.07689226855211048;nan;
-6.806806806806807;0.11146027482468901;0.07633114892501422;0.077498147882185;nan;
-6.802802802802803;0.11191599464783321;0.07692478679289524;0.07809593058036657;nan;
-6.798798798798799;0.1123717144709773;0.07751842466077612;0.07868428706513553;nan;
-6.794794794794795;0.11282743429412148;0.07811206252865713;0.07927264354990461;nan;
-6.7907907907907905;0.11328315411726568;0.07870570039653814;0.07986100003467368;nan;
-6.786786786786787;0.11373887394040977;0.07929933826441903;0.08044935651944264;nan;
-6.782782782782783;0.11419459376355398;0.07989297613230004;0.08103771300421173;nan;
-6.778778778778779;0.11465031358669808;0.08048661400018092;0.08162606948898068;nan;
-6.774774774774775;0.11510603340984227;0.0810708280732066;0.08221442597374976;nan;
-6.7707707707707705;0.11556175323298648;0.08164915453667852;0.08280278245851884;nan;
-6.766766766766767;0.11601747305613057;0.08222748100015034;0.08339113894328778;nan;
-6.762762762762763;0.11647319287927475;0.08280580746362227;0.08397949542805687;nan;
-6.758758758758759;0.11692891270241887;0.0833841339270941;0.08456785191282583;nan;
-6.754754754754755;0.11738463252556305;0.08396246039056601;0.08515021651149178;nan;
-6.7507507507507505;0.11784035234870724;0.08454078685403796;0.08572333535598502;nan;
-6.746746746746747;0.11829607217185134;0.08511911331750976;0.0862964542004781;nan;
-6.742742742742743;0.11875179199499554;0.0856974397809817;0.08686957304497134;nan;
-6.738738738738739;0.11920751181813963;0.0862757662444535;0.08744269188946444;nan;
-6.734734734734735;0.11966323164128383;0.08685409270792543;0.08801581073395767;nan;
-6.7307307307307305;0.12011895146442803;0.08743241917139737;0.08858892957845091;nan;
-6.726726726726727;0.12057467128757211;0.08801074563486919;0.089162048422944;nan;
-6.722722722722723;0.1210303911107163;0.08858004252404357;0.08973516726743724;nan;
-6.718718718718719;0.12148611093386039;0.08914478805188625;0.09030828611193034;nan;
-6.714714714714715;0.12194183075700459;0.08970953357972905;0.09088140495642358;nan;
-6.7107107107107105;0.12239755058014877;0.09027427910757185;0.0914545238009168;nan;
-6.706706706706707;0.12285327040329286;0.09083902463541453;0.0920276426454099;nan;
-6.702702702702703;0.12330899022643704;0.09140377016325732;0.09259461080005621;nan;
-6.698698698698699;0.12376471004958114;0.0919685156911;0.09315442459267435;nan;
-6.694694694694695;0.12422042987272533;0.0925332612189428;0.09371423838529261;nan;
-6.6906906906906904;0.12467614969586951;0.0930980067467856;0.09427405217791089;nan;
-6.686686686686687;0.12513186951901362;0.09366275227462828;0.09483386597052902;nan;
-6.682682682682683;0.1255875893421578;0.09422749780247108;0.09539367976314729;nan;
-6.678678678678679;0.12604330916530188;0.09479224333031375;0.09595349355576543;nan;
-6.674674674674675;0.12649902898844606;0.09535698885815655;0.09651330734838369;nan;
-6.67067067067067;0.12695474881159025;0.09592173438599935;0.09707312114100196;nan;
-6.666666666666667;0.12741046863473435;0.09647735951274612;0.0976329349336201;nan;
-6.662662662662663;0.12786618845787853;0.09703006198817864;0.09819274872623836;nan;
-6.658658658658659;0.12832190828102263;0.09758276446361103;0.0987525625188565;nan;
-6.654654654654655;0.12877762810416682;0.09813546693904354;0.09931237631147477;0.0006091577805515097;
-6.65065065065065;0.129233347927311;0.09868816941447606;0.09987219010409304;0.0023017661070463854;
-6.646646646646647;0.1296890677504551;0.09924087188990843;0.10042529950466986;0.0039928068685032144;
-6.642642642642643;0.1301447875735993;0.09979357436534095;0.1009734462132394;0.0056838476299604195;
-6.638638638638639;0.13060050739674336;0.10034627684077332;0.10152159292180886;0.007374888391417248;
-6.634634634634635;0.13105622721988755;0.10089897931620584;0.10206973963037844;0.009065929152874453;
-6.63063063063063;0.13151194704303176;0.10145168179163835;0.10261788633894799;0.010756969914331657;
-6.626626626626627;0.13196766686617584;0.10200438426707073;0.10316603304751742;0.012448010675788487;
-6.622622622622623;0.13242338668932002;0.10255708674250325;0.10371417975608699;0.01413905143724569;
-6.618618618618619;0.13287910651246412;0.10310978921793564;0.10426232646465644;0.015779244879761057;
-6.614614614614615;0.13333482633560828;0.10366249169336814;0.104810473173226;0.01738975357489913;
-6.61061061061061;0.1337905461587525;0.10421519416880065;0.10535861988179557;0.019000262270037205;
-6.606606606606607;0.1342462659818966;0.10475948450745302;0.105906766590365;0.02061077096517492;
-6.602602602602603;0.13470198580504078;0.1053014993161463;0.10645491329893457;0.022221279660312992;
-6.598598598598599;0.13515770562818488;0.10584351412483944;0.10700306000750401;0.023831788355450703;
-6.594594594594595;0.13561342545132904;0.10638552893353273;0.10755120671607359;0.02544229705058878;
-6.59059059059059;0.13606914527447325;0.106927543742226;0.10809935342464315;0.02705280574572685;
-6.586586586586587;0.13652486509761735;0.10746955855091916;0.1086410876974958;0.02864508483211558;
-6.5825825825825826;0.13698058492076154;0.10801157335961242;0.1091789605087593;0.03013637000629551;
-6.578578578578579;0.1374363047439056;0.1085535881683056;0.10971683332002272;0.031627655180475105;
-6.574574574574575;0.1378920245670498;0.10909560297699887;0.11025470613128621;0.03311894035465503;
-6.57057057057057;0.138347744390194;0.10963761778569214;0.11079257894254974;0.034610225528834956;
-6.566566566566567;0.1388034642133381;0.11017963259438529;0.11133045175381312;0.03610151070301456;
-6.5625625625625625;0.1392591840364823;0.11072164740307858;0.11186832456507664;0.03759279587719448;
-6.558558558558559;0.13971490385962637;0.11126366221177174;0.11240619737634004;0.039084081051374085;
-6.554554554554555;0.14017062368277058;0.11180567702046501;0.11294407018760355;0.04057536622555401;
-6.55055055055055;0.14062634350591474;0.11234769182915828;0.11348194299886707;0.041985998924133135;
-6.546546546546547;0.14108206332905887;0.11288970663785144;0.11401981581013046;0.0433416671578777;
-6.5425425425425425;0.14153778315220303;0.11342569241900174;0.11455768862139398;0.04469733539162256;
-6.538538538538539;0.14199350297534713;0.11395820866747;0.11509556143265737;0.046053003625367114;
-6.534534534534535;0.14244922279849132;0.11449072491593838;0.11563343424392089;0.047408671859111975;
-6.53053053053053;0.1429049426216355;0.11502324116440676;0.1161713070551844;0.04876434009285683;
-6.526526526526526;0.14336066244477969;0.11555575741287513;0.11670917986644792;0.05012000832660169;
-6.5225225225225225;0.1438163822679238;0.11608827366134342;0.11724259176882837;0.051475676560346253;
-6.518518518518519;0.1442721020910679;0.11662078990981167;0.11777138094065255;0.05283134479409081;
-6.514514514514515;0.14472782191421207;0.11715330615828004;0.11830017011247687;0.05405343206255293;
-6.51051051051051;0.14518354173735626;0.11768582240674844;0.11882895928430119;0.05527283964147612;
-6.506506506506506;0.14563926156050044;0.1182183386552168;0.11935774845612551;0.05649224722039931;
-6.5025025025025025;0.14609498138364457;0.11875085490368507;0.11988653762794971;0.057711654799322235;
-6.498498498498499;0.14655070120678865;0.11928337115215333;0.12041532679977388;0.05893106237824516;
-6.494494494494495;0.14700642102993283;0.11981588740062171;0.12094411597159821;0.06015046995716835;
-6.49049049049049;0.14746214085307704;0.1203484036490901;0.12147290514342252;0.06136987753609154;
-6.486486486486486;0.14791786067622123;0.12088091989755848;0.12200169431524682;0.06258928511501473;
-6.4824824824824825;0.14837358049936533;0.12141343614602673;0.12253048348707103;0.06377422109538666;
-6.478478478478479;0.1488293003225094;0.12194595239449499;0.12305927265889521;0.0648697668938713;
-6.474474474474475;0.14928502014565362;0.12247707487435894;0.12358806183071953;0.06596531269235618;
-6.47047047047047;0.1497407399687978;0.12300113383595881;0.12411685100254384;0.06706085849084106;
-6.466466466466466;0.15019645979194202;0.1235251927975587;0.12464564017436816;0.06815640428932593;
-6.4624624624624625;0.15065217961508612;0.12404925175915846;0.12517442934619236;0.06925195008781057;
-6.458458458458459;0.1511078994382302;0.12457331072075821;0.12570321851801655;0.07034749588629521;
-6.454454454454455;0.1515636192613744;0.12509736968235807;0.12623168603953216;0.07144304168478008;
-6.45045045045045;0.1520193390845186;0.12562142864395798;0.12675241359096429;0.07253858748326496;
-6.446446446446446;0.15247505890766277;0.12614548760555783;0.12727314114239643;0.07359173509259948;
-6.4424424424424425;0.15293077873080688;0.1266695465671576;0.12779386869382847;0.07458588535082736;
-6.438438438438439;0.15338649855395098;0.12719360552875736;0.12831459624526048;0.07558003560905524;
-6.434434434434435;0.15384221837709516;0.1277176644903572;0.12883532379669263;0.07657418586728335;
-6.43043043043043;0.15429793820023935;0.12824172345195708;0.12935605134812478;0.07756833612551144;
-6.426426426426426;0.15475365802338356;0.12876578241355696;0.1298767788995569;0.07856248638373954;
-6.4224224224224224;0.15520937784652766;0.12928984137515673;0.13039750645098894;0.07955663664196742;
-6.418418418418419;0.15566509766967174;0.1298139003367565;0.13091823400242095;0.08055078690019529;
-6.414414414414415;0.15612081749281592;0.13033795929835634;0.1314389615538531;0.08154493715842341;
-6.41041041041041;0.15657653731596013;0.13086201825995622;0.13195968910528524;0.08251388015319043;
-6.406406406406406;0.15703225713910435;0.1313860772215561;0.1324804166567174;0.0834244062049749;
-6.402402402402402;0.15748797696224842;0.13191013618315586;0.1330011442081494;0.08433493225675913;
-6.398398398398399;0.1579436967853925;0.13243251119452104;0.13352187175958144;0.08524545830854338;
-6.394394394394395;0.15839941660853674;0.13294902475157483;0.1340425993110136;0.08615598436032784;
-6.39039039039039;0.15885513643168092;0.1334655383086286;0.1345633268624457;0.0870665104121123;
-6.386386386386386;0.1593108562548251;0.13398205186568238;0.13508405441387786;0.08797703646389675;
-6.382382382382382;0.1597665760779692;0.13449856542273605;0.1356047819653099;0.088887562515681;
-6.378378378378378;0.1602222959011134;0.13501507897978982;0.13612467392345015;0.08979808856746545;
-6.374374374374375;0.1606780157242575;0.1355315925368435;0.13663822218781727;0.0907086146192497;
-6.37037037037037;0.16113373554740168;0.13604810609389725;0.1371517704521845;0.09156047505984803;
-6.366366366366366;0.16158945537054586;0.13656461965095107;0.1376653187165517;0.09240145133022801;
-6.362362362362362;0.16204517519368994;0.1370811332080047;0.1381788669809188;0.0932424276006078;
-6.358358358358358;0.16250089501683415;0.13759764676505848;0.13869241524528603;0.09408340387098774;
-6.354354354354355;0.16295661483997823;0.13811416032211216;0.13920596350965314;0.09492438014136753;
-6.35035035035035;0.1634123346631224;0.13863067387916592;0.13971951177402037;0.09576535641174751;
-6.346346346346346;0.16386805448626662;0.13914718743621973;0.14023306003838756;0.09660633268212748;
-6.342342342342342;0.1643237743094107;0.13966370099327335;0.14074660830275468;0.09744730895250725;
-6.338338338338338;0.16477949413255488;0.14018021455032717;0.1412601565671219;0.09828828522288723;
-6.334334334334335;0.16523521395569898;0.14069672810738082;0.14177370483148902;0.099129261493267;
-6.33033033033033;0.16569093377884317;0.1412132416644346;0.14228725309585621;0.09991478785372998;
-6.326326326326326;0.16614665360198735;0.1417297552214884;0.14280080136022344;0.10069842093610559;
-6.322322322322322;0.16660237342513146;0.14224626877854202;0.14331434962459055;0.10148205401848104;
-6.318318318318318;0.16705809324827564;0.14276278233559583;0.14382789788895778;0.10226568710085665;
-6.314314314314315;0.16751381307141974;0.14327502031697076;0.1443414461533249;0.10304932018323208;
-6.31031031031031;0.1679695328945639;0.143784788229328;0.1448549944176921;0.10383295326560771;
-6.306306306306306;0.1684252527177081;0.1442945561416853;0.14536854268205932;0.10461658634798332;
-6.302302302302302;0.16888097254085221;0.1448043240540424;0.14588209094642643;0.10540021943035874;
-6.298298298298298;0.1693366923639964;0.14531409196639966;0.14639563921079365;0.10618385251273438;
-6.2942942942942945;0.16979241218714047;0.1458238598787568;0.14690569526915415;0.10696748559510981;
-6.29029029029029;0.17024813201028466;0.14633362779111408;0.14741283032035646;0.10772375069258265;
-6.286286286286286;0.17070385183342887;0.14684339570347132;0.14791996537155874;0.10846132590858065;
-6.282282282282282;0.17115957165657295;0.14735316361582848;0.14842710042276092;0.10919890112457849;
-6.278278278278278;0.17161529147971716;0.14786293152818572;0.14893423547396323;0.10993647634057649;
-6.2742742742742745;0.17207101130286123;0.14837269944054288;0.1494413705251654;0.11067405155657431;
-6.27027027027027;0.17252673112600542;0.14888246735290012;0.14994850557636769;0.11141162677257231;
-6.266266266266266;0.1729824509491496;0.14939223526525738;0.15045564062757;0.1121492019885703;
-6.262262262262262;0.1734381707722937;0.14990200317761454;0.15096277567877217;0.11288677720456813;
-6.258258258258258;0.1738938905954379;0.15041177108997178;0.15146991072997446;0.11362435242056614;
-6.2542542542542545;0.17434961041858196;0.15092153900232894;0.15197704578117666;0.11436192763656397;
-6.25025025025025;0.17480533024172618;0.15143130691468618;0.15248418083237894;0.11509950285256196;
-6.246246246246246;0.17526105006487036;0.15194107482704344;0.15299131588358122;0.1158123572814967;
-6.242242242242242;0.17571676988801443;0.1524508427394006;0.1534984509347834;0.11651146208190231;
-6.238238238238238;0.17617248971115862;0.15296061065175784;0.1540055859859857;0.1172105668823081;
-6.2342342342342345;0.17662820953430272;0.153470378564115;0.15451272103718788;0.11790967168271371;
-6.23023023023023;0.1770839293574469;0.15398014647647223;0.15501985608839017;0.11860877648311949;
-6.226226226226226;0.17753964918059112;0.15448873635911028;0.15552699113959248;0.11930788128352525;
-6.222222222222222;0.1779953690037352;0.15499246183123172;0.15603412619079465;0.12000698608393087;
-6.218218218218218;0.17845108882687938;0.1554961873033533;0.15654126124199697;0.12070609088433663;
-6.2142142142142145;0.17890680865002348;0.15599991277547476;0.15704839629319914;0.12140519568474224;
-6.21021021021021;0.17936252847316767;0.15650363824759633;0.15755553134440142;0.12210430048514802;
-6.206206206206206;0.17981824829631185;0.1570073637197179;0.15806196239106718;0.12280340528555378;
-6.202202202202202;0.18027396811945595;0.15751108919183934;0.15856335324787338;0.12350147530816417;
-6.198198198198198;0.18072968794260014;0.15801481466396095;0.15906474410467972;0.12416891451262242;
-6.1941941941941945;0.1811854077657442;0.15851854013608238;0.15956613496148592;0.12483635371708053;
-6.19019019019019;0.1816411275888884;0.15902226560820398;0.16006752581829226;0.12550379292153876;
-6.186186186186186;0.1820968474120326;0.15952599108032556;0.16056891667509857;0.126171232125997;
-6.182182182182182;0.1825525672351767;0.160029716552447;0.16107030753190477;0.12683867133045512;
-6.178178178178178;0.1830082870583209;0.16053344202456857;0.1615716983887111;0.12750611053491337;
-6.1741741741741745;0.18346400688146497;0.16103716749669003;0.1620730892455173;0.12817354973937145;
-6.17017017017017;0.18391972670460915;0.16154089296881158;0.16257448010232362;0.12884098894382973;
-6.166166166166166;0.18437544652775337;0.16204461844093315;0.16307587095912995;0.12950842814828797;
-6.162162162162162;0.18483116635089747;0.16254834391305462;0.16357726181593615;0.13017586735274606;
-6.158158158158158;0.18528688617404165;0.1630520693851762;0.16407865267274246;0.13084330655720433;
-6.1541541541541545;0.18574260599718573;0.16355579485729765;0.1645800435295487;0.13151074576166244;
-6.15015015015015;0.1861983258203299;0.16405952032941923;0.165081434386355;0.13215984264959627;
-6.146146146146146;0.1866540456434741;0.1645632458015408;0.1655828252431613;0.13280022001046873;
-6.142142142142142;0.1871097654666182;0.16506697127366224;0.16608421609996754;0.13344059737134104;
-6.138138138138138;0.18756548528976238;0.1655706967457838;0.16658560695677385;0.13408097473221348;
-6.134134134134134;0.18802120511290646;0.16607442221790528;0.16708699781358005;0.13472135209308578;
-6.13013013013013;0.18847692493605067;0.16657814769002682;0.1675883886703864;0.13536172945395822;
-6.126126126126126;0.18893264475919486;0.16707821679157123;0.16808977952719273;0.13600210681483066;
-6.122122122122122;0.18938836458233896;0.16757652017937594;0.16859117038399893;0.136642484175703;
-6.118118118118118;0.18984408440548312;0.1680748235671808;0.16909256124080524;0.13728286153657543;
-6.114114114114114;0.19029980422862722;0.1685731269549855;0.16959395209761144;0.13792323889744773;
-6.11011011011011;0.19075552405177143;0.16907143034279035;0.17009534295441775;0.13856361625832017;
-6.106106106106106;0.19121124387491562;0.16956973373059517;0.17059354560436496;0.1392039936191926;
-6.102102102102102;0.1916669636980597;0.1700680371183999;0.17108977998422348;0.13984437098006494;
-6.098098098098098;0.19212268352120387;0.17056634050620473;0.1715860143640821;0.14047394905203295;
-6.094094094094094;0.19257840334434798;0.17106464389400944;0.1720822487439406;0.1410922094370154;
-6.09009009009009;0.1930341231674922;0.17156294728181432;0.17257848312379923;0.14171046982199798;
-6.086086086086086;0.19348984299063635;0.17206125066961914;0.17307471750365783;0.14232873020698059;
-6.082082082082082;0.19394556281378045;0.17255955405742385;0.17357095188351634;0.14294699059196303;
-6.078078078078078;0.19440128263692463;0.1730578574452287;0.17406718626337497;0.14356525097694564;
-6.074074074074074;0.1948570024600687;0.17355616083303343;0.1745634206432335;0.14418351136192809;
-6.07007007007007;0.19531272228321292;0.17405446422083826;0.17505965502309212;0.14480177174691067;
-6.066066066066066;0.1957684421063571;0.17455276760864308;0.17555588940295075;0.14542003213189328;
-6.062062062062062;0.1962241619295012;0.17505107099644782;0.17605212378280924;0.14603829251687572;
-6.058058058058058;0.1966798817526454;0.17554937438425267;0.17654835816266787;0.14665655290185833;
-6.054054054054054;0.1971356015757895;0.17604767777205738;0.17704459254252636;0.14727481328684078;
-6.05005005005005;0.19759132139893365;0.1765459811598622;0.177540826922385;0.14789307367182336;
-6.046046046046046;0.1980470412220779;0.17704428454766705;0.17803706130224362;0.14851133405680597;
-6.042042042042042;0.19850276104522196;0.17754258793547179;0.17853329568210213;0.1491227487065671;
-6.038038038038038;0.19895848086836615;0.17804089132327663;0.17902953006196076;0.14972204077488352;
-6.034034034034034;0.19941420069151025;0.17853919471108132;0.17952576444181925;0.15032133284319985;
-6.03003003003003;0.19986992051465444;0.17903749809888617;0.18002199882167785;0.15092062491151625;
-6.026026026026026;0.2003256403377986;0.17953580148669102;0.1805182332015365;0.1515199169798327;
-6.022022022022022;0.20078136016094272;0.18003410487449575;0.18101446758139503;0.152119209048149;
-6.018018018018018;0.2012370799840869;0.1805284919943466;0.18151070196125363;0.1527185011164654;
-6.014014014014014;0.20169279980723098;0.1810219226926163;0.18200693634111215;0.1533177931847817;
-6.01001001001001;0.20214851963037517;0.1815153533908861;0.18250317072097078;0.1539170852530981;
-6.006006006006006;0.20260423945351938;0.1820087840891559;0.18299940510082938;0.15451637732141454;
-6.002002002002002;0.20305995927666348;0.1825022147874256;0.1834956394806879;0.15511566938973084;
-5.997997997997998;0.20351567909980767;0.1829956454856954;0.18398833336956583;0.15571496145804728;
-5.993993993993994;0.20397139892295174;0.18348907618396512;0.1844799306314865;0.15631425352636358;
-5.98998998998999;0.20442711874609593;0.18398250688223494;0.18497152789340726;0.15691354559468;
-5.985985985985986;0.2048828385692401;0.18447593758050476;0.18546312515532803;0.15751283766299642;
-5.981981981981982;0.20533855839238424;0.18496936827877444;0.1859547224172487;0.1581090726115784;
-5.977977977977978;0.20579427821552843;0.18546279897704426;0.18644631967916944;0.15869191307767674;
-5.973973973973974;0.2062499980386725;0.18595622967531394;0.18693791694109013;0.15927475354377496;
-5.96996996996997;0.20670571786181668;0.1864496603735838;0.1874295142030109;0.15985759400987332;
-5.965965965965966;0.20716143768496087;0.18694309107185358;0.18792111146493168;0.16044043447597167;
-5.961961961961962;0.207617157508105;0.1874365217701233;0.18841270872685234;0.1610232749420699;
-5.957957957957958;0.20807287733124918;0.1879299524683931;0.1889043059887731;0.16160611540816824;
-5.953953953953954;0.20852859715439326;0.1884233831666628;0.18939590325069378;0.16218895587426646;
-5.94994994994995;0.20898431697753747;0.18891681386493261;0.18988750051261455;0.16277179634036482;
-5.945945945945946;0.20944003680068166;0.18941024456320243;0.19037909777453532;0.16335463680646317;
-5.941941941941942;0.20989575662382573;0.18990367526147214;0.19087069503645598;0.1639374772725614;
-5.937937937937938;0.21035147644696994;0.19039710595974194;0.19136229229837676;0.16452031773865977;
-5.933933933933934;0.21080719627011402;0.19089053665801164;0.19185388956029742;0.16510315820475796;
-5.92992992992993;0.2112629160932582;0.19138396735628146;0.1923454868222182;0.16568599867085634;
-5.925925925925926;0.21171863591640241;0.19187739805455128;0.19283708408413897;0.1662688391369547;
-5.921921921921922;0.2121743557395465;0.192370828752821;0.1933286813460596;0.16685167960305292;
-5.917917917917918;0.21263007556269067;0.19286425945109079;0.19382027860798037;0.16743452006915127;
-5.913913913913914;0.21308579538583478;0.1933576901493605;0.19431187586990106;0.16800510058238147;
-5.90990990990991;0.21354151520897896;0.19385112084763031;0.19480347313182184;0.16857335831546066;
-5.905905905905906;0.21399723503212315;0.1943445515459001;0.19529507039374258;0.1691416160485399;
-5.901901901901902;0.21445295485526725;0.1948367901803759;0.19578666765566324;0.16970987378161898;
-5.897897897897898;0.21490867467841143;0.19532583682927065;0.19627826491758402;0.17027813151469817;
-5.893893893893894;0.21536439450155553;0.19581488347816528;0.1967698621795047;0.17084638924777723;
-5.88988988988989;0.21582011432469972;0.19630393012706;0.19726145944142545;0.17141464698085646;
-5.885885885885886;0.21627583414784393;0.19679297677595473;0.19775305670334622;0.17198290471393565;
-5.881881881881882;0.21673155397098803;0.19728202342484935;0.1982436221340547;0.17255116244701474;
-5.877877877877878;0.21718727379413222;0.19777107007374412;0.198731043931832;0.17311942018009396;
-5.873873873873874;0.21764299361727632;0.19826011672263874;0.1992184657296092;0.17368767791317305;
-5.86986986986987;0.21809871344042053;0.19874916337153345;0.1997058875273865;0.17425593564625225;
-5.865865865865866;0.21855443326356472;0.19923821002042824;0.2001933093251638;0.17482419337933144;
-5.861861861861862;0.21901015308670882;0.19972725666932284;0.20068073112294102;0.17539245111241053;
-5.857857857857858;0.219465872909853;0.20021630331821755;0.20116815292071832;0.17596070884548975;
-5.853853853853854;0.2199215927329971;0.2007053499671122;0.20165557471849552;0.17652896657856884;
-5.84984984984985;0.2203773125561413;0.2011943966160069;0.20214299651627282;0.17709722431164804;
-5.8458458458458455;0.22083303237928548;0.20168344326490167;0.20263041831405013;0.17766315664792603;
-5.841841841841842;0.2212887522024296;0.20217248991379633;0.20311784011182732;0.17821911398853424;
-5.837837837837838;0.2217444720255738;0.20266153656269104;0.2036052619096046;0.17877507132914258;
-5.833833833833834;0.22220019184871787;0.2031505832115857;0.20409268370738182;0.17933102866975076;
-5.82982982982983;0.22265591167186208;0.2036396298604804;0.20458010550515915;0.17988698601035913;
-5.8258258258258255;0.2231116314950063;0.20412867650937516;0.20506752730293643;0.18044294335096742;
-5.821821821821822;0.22356735131815036;0.20461772315826976;0.20555494910071365;0.18099890069157565;
-5.817817817817818;0.2240230711412946;0.20510676980716452;0.20604237089849092;0.18155485803218396;
-5.813813813813814;0.22447879096443868;0.20559581645605912;0.20652979269626814;0.18211081537279217;
-5.80980980980981;0.22493451078758286;0.20608486310495386;0.20701721449404545;0.1826667727134005;
-5.8058058058058055;0.22539023061072705;0.2065739097538486;0.20750463629182275;0.18322273005400885;
-5.801801801801801;0.22584595043387126;0.20706295640274336;0.20799205808960003;0.18377868739461717;
-5.797797797797798;0.22630167025701536;0.20755200305163798;0.20847947988737725;0.18433464473522537;
-5.793793793793794;0.22675739008015947;0.2080410497005326;0.20896690168515444;0.18489060207583358;
-5.78978978978979;0.22721310990330368;0.20853009634942735;0.20945432348293178;0.1854465594164419;
-5.7857857857857855;0.22766882972644786;0.20901914299832208;0.20994174528070905;0.18600251675705026;
-5.781781781781781;0.22812454954959205;0.20950818964721682;0.21042916707848638;0.18655847409765858;
-5.777777777777778;0.22858026937273612;0.20999723629611144;0.21091658887626358;0.18711443143826675;
-5.773773773773774;0.22903598919588025;0.21048628294500607;0.2114040106740408;0.18767038877887499;
-5.76976976976977;0.22949170901902444;0.21097250107955653;0.21189143247181808;0.1882255583266933;
-5.7657657657657655;0.22994742884216865;0.2114576002676646;0.2123788542695954;0.188770603441326;
-5.761761761761761;0.23040314866531286;0.21194269945577265;0.21286627606737268;0.18931564855595875;
-5.757757757757758;0.23085886848845694;0.21242779864388062;0.21335369786514988;0.18986069367059136;
-5.753753753753754;0.231314588311601;0.21291289783198858;0.2138411196629271;0.19040573878522396;
-5.74974974974975;0.23177030813474522;0.21339799702009665;0.2143258819960675;0.19095078389985665;
-5.7457457457457455;0.2322260279578894;0.21388309620820473;0.21480954106235878;0.19149582901448936;
-5.741741741741741;0.23268174778103362;0.21436819539631277;0.2152932001286501;0.1920408741291221;
-5.737737737737738;0.2331374676041777;0.21485329458442073;0.2157768591949413;0.19258591924375468;
-5.733733733733734;0.23359318742732182;0.2153383937725287;0.21626051826123252;0.19313096435838728;
-5.72972972972973;0.234048907250466;0.21582349296063674;0.21674417732752382;0.19367600947302;
-5.7257257257257255;0.23450462707361022;0.21630859214874484;0.21722783639381515;0.1942210545876527;
-5.721721721721721;0.2349603468967544;0.2167936913368529;0.21771149546010643;0.19476609970228545;
-5.717717717717718;0.2354160667198985;0.21727879052496085;0.21819515452639765;0.19531114481691805;
-5.713713713713714;0.23587178654304258;0.21776388971306881;0.21867881359268884;0.19585618993155066;
-5.70970970970971;0.2363275063661868;0.2182489889011769;0.21916247265898017;0.19640123504618334;
-5.7057057057057055;0.23678322618933098;0.21873408808928496;0.21964613172527148;0.19694628016081608;
-5.701701701701701;0.2372389460124752;0.219219187277393;0.22012979079156278;0.1974913252754488;
-5.697697697697698;0.23769466583561927;0.21970428646550094;0.22061344985785397;0.1980363703900814;
-5.693693693693694;0.23815038565876337;0.2201893856536089;0.2210971089241452;0.198581415504714;
-5.68968968968969;0.23860610548190755;0.22067448484171698;0.22158076799043652;0.19912646061934675;
-5.685685685685685;0.23906182530505174;0.22115958402982505;0.2220644270567278;0.1996684737932808;
-5.681681681681681;0.23951754512819595;0.22164468321793312;0.22254808612301913;0.2002038325782093;
-5.677677677677678;0.23997326495134003;0.2221297824060411;0.22303174518931035;0.20073919136313773;
-5.673673673673674;0.24042898477448413;0.22261488159414905;0.22351540425560154;0.20127455014806617;
-5.66966966966967;0.2408847045976283;0.22309998078225712;0.22399906332189284;0.2018099089329947;
-5.665665665665665;0.2413404244207725;0.2235850799703652;0.22448272238818412;0.20234526771792327;
-5.661661661661661;0.24179614424391668;0.22407017915847327;0.22496638145447545;0.20288062650285182;
-5.657657657657658;0.24225186406706078;0.22455527834658118;0.22545004052076667;0.2034159852877802;
-5.653653653653654;0.2427075838902049;0.22504037753468914;0.22593369958705786;0.20395134407270865;
-5.64964964964965;0.2431633037133491;0.2255254767227972;0.22641735865334917;0.20448670285763718;
-5.645645645645645;0.24361902353649323;0.2260105759109053;0.2269010177196405;0.2050220616425657;
-5.641641641641641;0.24407474335963747;0.22649567509901336;0.22738467678593183;0.20555742042749425;
-5.637637637637638;0.24453046318278154;0.22698077428712132;0.227868335852223;0.2060927792124227;
-5.633633633633634;0.24498618300592562;0.22746587347522929;0.2283519949185142;0.2066281379973511;
-5.62962962962963;0.24544190282906983;0.22795097266333736;0.22883565398480551;0.20716349678227963;
-5.625625625625625;0.24589762265221402;0.2284335339516987;0.22931931305109682;0.20769885556720818;
-5.621621621621621;0.2463533424753582;0.2289150775994135;0.22980297211738815;0.20823421435213674;
-5.617617617617618;0.2468090622985023;0.22939662124712823;0.23028663118367934;0.20876957313706515;
-5.613613613613614;0.24726478212164638;0.22987816489484295;0.23077029024997056;0.20930493192199356;
-5.60960960960961;0.24772050194479062;0.23035970854255777;0.23125394931626186;0.20984029070692212;
-5.605605605605605;0.24817622176793475;0.23084125219027257;0.23173517056596632;0.21037564949185067;
-5.601601601601601;0.24863194159107896;0.23132279583798743;0.2322154379644458;0.21091100827677922;
-5.597597597597598;0.24908766141422306;0.23180433948570212;0.23269570536292514;0.21144636706170764;
-5.593593593593594;0.24954338123736716;0.23228588313341683;0.23317597276140456;0.21197554969098475;
-5.58958958958959;0.24999910106051132;0.23276742678113166;0.233656240159884;0.21250219241928298;
-5.585585585585585;0.25045482088365556;0.23324897042884646;0.23413650755836346;0.21302883514758125;
-5.581581581581581;0.25091054070679975;0.2337305140765613;0.23461677495684297;0.21355547787587945;
-5.5775775775775776;0.2513662605299438;0.234212057724276;0.2350970423553223;0.21408212060417758;
-5.573573573573574;0.2518219803530879;0.23469360137199075;0.2355773097538017;0.2146087633324757;
-5.56956956956957;0.2522777001762321;0.23517514501970554;0.23605757715228118;0.21513540606077391;
-5.565565565565565;0.2527334199993763;0.2356566886674204;0.23653784455076066;0.21566204878907216;
-5.561561561561561;0.25318913982252045;0.2361382323151352;0.2370181119492401;0.2161886915173704;
-5.5575575575575575;0.2536448596456646;0.23661977596284994;0.23749837934771947;0.21671533424566852;
-5.553553553553554;0.2541005794688087;0.23710131961056463;0.23797864674619887;0.21724197697396663;
-5.54954954954955;0.25455629929195284;0.23758286325827946;0.23845891414467835;0.21776861970226488;
-5.545545545545545;0.2550120191150971;0.23806440690599429;0.2389391815431578;0.21829526243056313;
-5.541541541541541;0.25546773893824126;0.23854595055370909;0.2394194489416373;0.21882190515886135;
-5.5375375375375375;0.25592345876138534;0.23902749420142383;0.23989971634011664;0.2193485478871595;
-5.533533533533534;0.2563791785845294;0.23950903784913855;0.24037998373859604;0.21987519061545763;
-5.52952952952953;0.2568348984076736;0.23999058149685337;0.2408602511370755;0.22040183334375585;
-5.525525525525525;0.2572906182308178;0.24047212514456817;0.241340518535555;0.2209284760720541;
-5.521521521521521;0.257746338053962;0.240953668792283;0.24182078593403444;0.22145511880035235;
-5.5175175175175175;0.2582020578771061;0.24143521243999772;0.2423010533325138;0.22198176152865046;
-5.513513513513514;0.25865777770025017;0.24191675608771246;0.24278132073099318;0.22250840425694857;
-5.50950950950951;0.25911349752339435;0.24239829973542726;0.24326158812947268;0.2230350469852468;
-5.505505505505505;0.25956921734653854;0.24287984338314206;0.24374185552795213;0.22356168971354504;
-5.501501501501501;0.2600249371696828;0.2433613870308569;0.24422212292643158;0.22408833244184326;
-5.4974974974974975;0.26048065699282685;0.2438429306785716;0.24470239032491098;0.22461477500170368;
-5.493493493493494;0.2609363768159709;0.24432447432628634;0.24518265772339035;0.2251338306128825;
-5.48948948948949;0.2613920966391151;0.24480601797400114;0.24566292512186982;0.2256528862240614;
-5.485485485485485;0.2618478164622593;0.24528756162171597;0.24614319252034927;0.22617194183524034;
-5.481481481481481;0.2623035362854035;0.2457691052694308;0.24662345991882875;0.22669099744641924;
-5.4774774774774775;0.2627592561085476;0.24625064891714551;0.24710372731730815;0.22721005305759803;
-5.473473473473474;0.2632149759316917;0.24673219256486023;0.24758399471578751;0.22772910866877683;
-5.46946946946947;0.2636706957548359;0.24721373621257506;0.248064262114267;0.2282481642799557;
-5.465465465465465;0.2641264155779801;0.24769282775701718;0.24854452951274644;0.22876721989113463;
-5.461461461461461;0.2645821354011243;0.24817116935372258;0.24902479691122592;0.22928627550231356;
-5.4574574574574575;0.26503785522426837;0.2486495109504278;0.24950506430970532;0.22980533111349233;
-5.453453453453454;0.2654935750474125;0.2491278525471331;0.24998533170818468;0.23032438672467115;
-5.44944944944945;0.2659492948705567;0.24960619414383847;0.25046559910666416;0.23084344233585008;
-5.445445445445445;0.2664050146937009;0.25008453574054385;0.2509434665922484;0.23136249794702898;
-5.441441441441441;0.26686073451684506;0.2505628773372492;0.2514206777074966;0.2318815535582079;
-5.4374374374374375;0.2673164543399892;0.2510412189339544;0.2518978888227447;0.23240060916938668;
-5.433433433433434;0.26777217416313326;0.2515195605306597;0.2523750999379928;0.23291966478056547;
-5.42942942942943;0.2682278939862775;0.25199790212736506;0.252852311053241;0.2334387203917444;
-5.425425425425425;0.2686836138094217;0.25247624372407046;0.2533295221684892;0.23395777600292328;
-5.421421421421421;0.26913933363256587;0.25295458532077586;0.25380673328373743;0.2344768316141022;
-5.4174174174174174;0.26959505345571;0.2534329269174811;0.2542839443989855;0.23499588722528103;
-5.413413413413414;0.2700507732788541;0.25391126851418633;0.2547611555142336;0.2355149428364598;
-5.40940940940941;0.27050649310199826;0.25438961011089173;0.2552383666294818;0.23603399844763873;
-5.405405405405405;0.27096221292514244;0.2548679517075971;0.25571557774473;0.23655305405881763;
-5.401401401401401;0.2714179327482866;0.2553462933043024;0.2561927888599782;0.23707210966999653;
-5.397397397397397;0.27187365257143076;0.2558246349010077;0.2566699999752263;0.23759116528117533;
-5.393393393393394;0.2723293723945749;0.25630297649771294;0.2571472110904744;0.23811022089235412;
-5.38938938938939;0.27278509221771907;0.25678131809441834;0.25762442220572257;0.23862927650353302;
-5.385385385385385;0.27324081204086326;0.25725965969112374;0.2581016333209708;0.23914144329040604;
-5.381381381381381;0.27369653186400744;0.2577380012878291;0.25857884443621904;0.23965358062744813;
-5.377377377377377;0.2741522516871515;0.2582163428845343;0.2590560555514671;0.24016571796449016;
-5.373373373373374;0.27460797151029565;0.2586946844812396;0.25953326666671517;0.24067785530153216;
-5.36936936936937;0.27506369133343983;0.259173026077945;0.2600104777819634;0.24118999263857427;
-5.365365365365365;0.275519411156584;0.25965136767465036;0.26048768889721163;0.24170212997561638;
-5.361361361361361;0.27597513097972826;0.2601297092713557;0.26096490001245976;0.24221426731265855;
-5.357357357357357;0.27643085080287233;0.26060805086806094;0.26144211112770793;0.24272640464970052;
-5.353353353353354;0.2768865706260164;0.2610863924647662;0.261919322242956;0.24323854198674252;
-5.34934934934935;0.2773422904491606;0.2615647340614716;0.26239653335820423;0.24375067932378464;
-5.345345345345345;0.27779801027230483;0.26204307565817697;0.2628737444734524;0.24426281666082678;
-5.341341341341341;0.278253730095449;0.2625214172548823;0.2633509555887006;0.24477495399786892;
-5.337337337337337;0.2787094499185931;0.2629997588515876;0.2638281667039487;0.2452870913349109;
-5.333333333333334;0.2791651697417372;0.26347810044829284;0.26430537781919683;0.24579922867195292;
-5.32932932932933;0.2796208895648814;0.26395644204499824;0.264782588934445;0.24631136600899506;
-5.325325325325325;0.2800766093880256;0.2644347836417036;0.2652598000496932;0.24682350334603717;
-5.321321321321321;0.2805323292111698;0.264913125238409;0.2657370111649414;0.24733564068307928;
-5.317317317317317;0.2809880490343139;0.2653914668351142;0.26621422228018954;0.24784777802012128;
-5.313313313313314;0.28144376885745803;0.2658698084318195;0.2666914333954376;0.24835991535716329;
-5.3093093093093096;0.28189948868060216;0.26634815002852485;0.26716864451068584;0.24887205269420543;
-5.305305305305305;0.2823552085037464;0.2668264916252302;0.267645855625934;0.24938419003124757;
-5.301301301301301;0.2828109283268906;0.2673048332219356;0.26812306674118225;0.24989632736828968;
-5.297297297297297;0.28326664815003466;0.26778317481864083;0.2686002778564303;0.2504084647053317;
-5.293293293293294;0.2837223679731788;0.2682615164153461;0.26907748897167844;0.25092060204237365;
-5.2892892892892895;0.284178087796323;0.26873903655667897;0.2695547000869266;0.2514327393794158;
-5.285285285285285;0.2846338076194672;0.2692144964075065;0.27003191120217485;0.25194487671645793;
-5.281281281281281;0.28508952744261135;0.269689956258334;0.270509122317423;0.2524570140535001;
-5.277277277277277;0.2855452472657555;0.2701654161091614;0.2709863334326711;0.25296915139054205;
-5.273273273273274;0.28600096708889955;0.2706408759599888;0.2714635445479192;0.2534812887275841;
-5.2692692692692695;0.28645668691204373;0.27111633581081634;0.27193987855148444;0.25399146638547404;
-5.265265265265265;0.2869124067351879;0.2715917956616439;0.2724143380322297;0.25449719381640956;
-5.261261261261261;0.28736812655833216;0.2720672555124714;0.27288879751297496;0.25500292124734497;
-5.257257257257257;0.28782384638147623;0.2725427153632988;0.2733632569937201;0.2555086486782803;
-5.253253253253254;0.28827956620462036;0.27301817521412625;0.27383771647446525;0.2560143761092157;
-5.2492492492492495;0.28873528602776455;0.2734936350649537;0.27431217595521057;0.2565201035401511;
-5.245245245245245;0.28919100585090873;0.27396909491578125;0.27478663543595583;0.25702583097108656;
-5.241241241241241;0.289646725674053;0.2744445547666088;0.2752610949167011;0.257531558402022;
-5.237237237237237;0.29010244549719705;0.27492001461743626;0.27573555439744624;0.2580372858329574;
-5.233233233233234;0.2905581653203411;0.2753954744682637;0.2762100138781914;0.2585430132638927;
-5.2292292292292295;0.2910138851434853;0.2758709343190912;0.2766844733589367;0.25904874069482814;
-5.225225225225225;0.2914696049666295;0.27634639416991874;0.27715893283968196;0.25955446812576355;
-5.221221221221221;0.29192532478977373;0.2768218540207462;0.2776333923204273;0.260060195556699;
-5.217217217217217;0.2923810446129178;0.2772973138715737;0.2781078518011724;0.26056592298763437;
-5.213213213213214;0.2928367644360619;0.2777727737224011;0.27858231128191757;0.2610716504185697;
-5.2092092092092095;0.2932924842592061;0.27824823357322864;0.27905677076266283;0.2615773778495052;
-5.205205205205205;0.29374820408235025;0.2787236934240562;0.2795312302434081;0.26208310528044065;
-5.201201201201201;0.29420392390549444;0.2791991532748837;0.2800056897241534;0.26258883271137606;
-5.197197197197197;0.29465964372863857;0.27967461312571107;0.28048014920489855;0.2630945601423114;
-5.193193193193194;0.29511536355178264;0.2801500729765385;0.2809546086856437;0.26360028757324677;
-5.1891891891891895;0.2955710833749268;0.280625532827366;0.281429068166389;0.26410601500418224;
-5.185185185185185;0.29602680319807106;0.28110099267819355;0.2819035276471343;0.26461174243511765;
-5.181181181181181;0.2964825230212152;0.2815764525290211;0.28237798712787954;0.2651174698660531;
-5.177177177177177;0.2969382428443593;0.2820519123798485;0.28285244660862474;0.26562319729698847;
-5.173173173173174;0.2973939626675034;0.282527372230676;0.2833269060893699;0.2661289247279238;
-5.1691691691691695;0.2978496824906476;0.28300283208150345;0.28380136557011515;0.2666346521588593;
-5.165165165165165;0.2983054023137918;0.283478291932331;0.28427582505086046;0.2671403795897947;
-5.161161161161161;0.29876112213693595;0.2839537517831585;0.28475028453160567;0.26764610702073016;
-5.157157157157157;0.2992168419600801;0.28442921163398593;0.2852247440123509;0.26815183445166546;
-5.153153153153154;0.29967256178322416;0.28490467148481335;0.285699203493096;0.2686575618826008;
-5.1491491491491495;0.30012828160636834;0.2853801313356409;0.2861736629738413;0.2691632893135363;
-5.145145145145145;0.3005840014295125;0.2858555911864684;0.2866481224545866;0.26966901674447175;
-5.141141141141141;0.3010397212526567;0.28633105103729595;0.28712258193533186;0.27017474417540716;
-5.137137137137137;0.3014954410758008;0.28680651088812337;0.287597041416077;0.2706770862446963;
-5.133133133133134;0.3019511608989449;0.2872819707389508;0.2880715008968222;0.2711771251801452;
-5.129129129129129;0.3024068807220891;0.2877574305897783;0.28854596037756747;0.27167716411559417;
-5.125125125125125;0.3028626005452333;0.28823289044060585;0.2890204198583127;0.27217720305104326;
-5.121121121121121;0.30331832036837747;0.2887083502914334;0.289494879339058;0.27267724198649224;
-5.117117117117117;0.3037740401915216;0.28918381014226086;0.2899693388198032;0.27317728092194116;
-5.113113113113114;0.3042297600146657;0.2896592699930882;0.29044379830054834;0.2736773198573901;
-5.109109109109109;0.3046854798378098;0.29013472984391575;0.2909182577812936;0.27417735879283905;
-5.105105105105105;0.3051411996609541;0.2906101896947433;0.29139271726203886;0.2746773977282881;
-5.101101101101101;0.3055969194840982;0.2910856495455708;0.2918671767427842;0.2751774366637371;
-5.097097097097097;0.30605263930724236;0.29156110939639823;0.2923416362235293;0.275677475599186;
-5.093093093093094;0.30650835913038643;0.29203656924722565;0.2928160957042745;0.2761775145346349;
-5.089089089089089;0.3069640789535306;0.29251053969987345;0.2932905551850198;0.27667755347008394;
-5.085085085085085;0.3074197987766748;0.29298340931793915;0.29376501466576505;0.27717759240553297;
-5.081081081081081;0.307875518599819;0.29345627893600484;0.2942394741465103;0.277677631340982;
-5.077077077077077;0.30833123842296306;0.29392914855407043;0.2947139336272555;0.27817767027643087;
-5.073073073073074;0.3087869582461072;0.294402018172136;0.29518839310800066;0.27867770921187973;
-5.069069069069069;0.3092426780692513;0.2948748877902017;0.2956613119976445;0.27917774814732876;
-5.065065065065065;0.30969839789239556;0.29534775740826735;0.29613329782623776;0.2796777870827778;
-5.061061061061061;0.31015411771553975;0.2958206270263331;0.296605283654831;0.2801778260182268;
-5.057057057057057;0.3106098375386838;0.29629349664439864;0.2970772694834242;0.28067786495367575;
-5.053053053053053;0.311065557361828;0.29676636626246433;0.29754925531201754;0.2811779038891248;
-5.049049049049049;0.31152127718497213;0.2972392358805299;0.2980212411406107;0.2816779428245737;
-5.045045045045045;0.3119769970081163;0.2977121054985956;0.29849322696920394;0.2821779817600227;
-5.041041041041041;0.3124327168312605;0.2981849751166613;0.29896521279779725;0.2826780206954717;
-5.037037037037037;0.3128884366544046;0.2986578447347269;0.2994371986263904;0.2831780596309206;
-5.033033033033033;0.31334415647754876;0.2991307143527926;0.2999091844549837;0.2836780985663696;
-5.029029029029029;0.31379987630069284;0.2996035839708582;0.30038117028357686;0.28417813750181853;
-5.025025025025025;0.314255596123837;0.3000764535889239;0.3008531561121701;0.28467817643726756;
-5.021021021021021;0.31471131594698126;0.30054932320698957;0.30132514194076343;0.2851782153727166;
-5.017017017017017;0.31516703577012534;0.30102219282505516;0.3017971277693566;0.28567825430816546;
-5.013013013013013;0.3156227555932695;0.30149506244312085;0.30226911359794983;0.2861782932436145;
-5.009009009009009;0.31607847541641365;0.30196793206118644;0.30274109942654304;0.2866783321790634;
-5.005005005005005;0.31653419523955784;0.30244080167925214;0.30321308525513635;0.28717837111451244;
-5.001001001001001;0.316989915062702;0.30291367129731783;0.3036850710837296;0.2876784100499615;
-4.996996996996997;0.3174456348858461;0.3033865409153834;0.30415705691232275;0.28817844898541034;
-4.992992992992993;0.3179013547089903;0.3038594105334491;0.30462904274091607;0.28867629375404935;
-4.988988988988989;0.31835707453213435;0.3043322801515147;0.30510102856950916;0.2891713330793543;
-4.984984984984985;0.31881279435527854;0.3048051497695804;0.30557301439810247;0.28966637240465926;
-4.980980980980981;0.3192685141784227;0.3052780193876461;0.3060450002266958;0.29016141172996424;
-4.976976976976977;0.31972423400156685;0.3057508890057117;0.30651698605528893;0.29065645105526916;
-4.972972972972973;0.320179953824711;0.3062237586237774;0.30698897188388224;0.29115149038057414;
-4.968968968968969;0.32063567364785517;0.30669662824184296;0.3074609577124754;0.291646529705879;
-4.964964964964965;0.3210913934709993;0.30716949785990866;0.3079329435410687;0.29214156903118405;
-4.960960960960961;0.32154711329414354;0.3076423674779743;0.30840492936966196;0.2926366083564891;
-4.956956956956957;0.3220028331172876;0.30811523709603994;0.3088769151982551;0.29313164768179395;
-4.952952952952953;0.3224585529404318;0.3085881067141056;0.3093489010268484;0.29362668700709893;
-4.948948948948949;0.32291427276357587;0.3090609763321712;0.30982088685544157;0.29412172633240385;
-4.944944944944945;0.32336999258672006;0.30953384595023686;0.3102928726840348;0.2946167656577089;
-4.940940940940941;0.3238257124098643;0.3100067155683026;0.31076485851262814;0.29511180498301387;
-4.936936936936937;0.32428143223300837;0.31047958518636815;0.3112368443412213;0.2956068443083188;
-4.932932932932933;0.32473715205615256;0.3109524548044339;0.31170883016981454;0.2961018836336238;
-4.928928928928929;0.32519287187929663;0.3114253244224994;0.31218081599840775;0.2965969229589287;
-4.924924924924925;0.3256485917024408;0.3118981940405651;0.31265280182700106;0.2970919622842337;
-4.920920920920921;0.32610431152558506;0.3123710636586308;0.3131247876555943;0.29758700160953866;
-4.916916916916917;0.32656003134872913;0.3128439332766964;0.31359677348418746;0.2980820409348436;
-4.912912912912913;0.3270157511718733;0.3133168028947621;0.3140687593127808;0.2985770802601486;
-4.908908908908909;0.32747147099501733;0.3137896725128277;0.3145407451413739;0.2990721195854535;
-4.904904904904905;0.3279271908181616;0.3142625421308934;0.3150127309699672;0.29956715891075847;
-4.900900900900901;0.3283829106413057;0.3147354117489591;0.3154847167985605;0.3000621982360635;
-4.896896896896897;0.32883863046444983;0.31520828136702467;0.31595670262715364;0.30055723756136843;
-4.892892892892893;0.329294350287594;0.31568115098509036;0.31642868845574695;0.3010522768866734;
-4.888888888888889;0.3297500701107381;0.31615402060315595;0.3169006742843401;0.3015473162119783;
-4.884884884884885;0.3302057899338823;0.31662689022122165;0.3173726601129334;0.3020423555372833;
-4.880880880880881;0.33066150975702646;0.31709975983928734;0.31784464594152667;0.30253739486258835;
-4.876876876876877;0.3311172295801706;0.31757262945735293;0.3183166317701198;0.3030324341878932;
-4.872872872872873;0.3315729494033147;0.3180454990754186;0.31878861759871313;0.30352747351319825;
-4.868868868868869;0.33202866922645885;0.3185183686934842;0.3192606034273063;0.3040225128385031;
-4.864864864864865;0.33248438904960304;0.31898936609933565;0.31973258925589954;0.30451755216380816;
-4.8608608608608606;0.3329401088727472;0.31945991186025097;0.32020457508449285;0.30501259148911314;
-4.856856856856857;0.33339582869589135;0.3199304576211661;0.32067656091308605;0.305507630814418;
-4.852852852852853;0.33385154851903553;0.3204010033820815;0.32114854674167925;0.3060026701397231;
-4.848848848848849;0.3343072683421796;0.32087154914299665;0.32162053257027245;0.30649770946502797;
-4.844844844844845;0.3347629881653238;0.32134209490391197;0.3220905936418701;0.306992748790333;
-4.8408408408408405;0.335218707988468;0.3218126406648273;0.32256036046949027;0.30748778811563793;
-4.836836836836837;0.33567442781161205;0.3222831864257424;0.32303012729711034;0.30798282744094285;
-4.832832832832833;0.33613014763475624;0.32275373218665776;0.32349989412473057;0.30847632674369097;
-4.828828828828829;0.33658586745790037;0.3232242779475729;0.32396966095235064;0.3089667993779518;
-4.824824824824825;0.3370415872810445;0.32369482370848823;0.32443942777997087;0.30945727201221274;
-4.8208208208208205;0.33749730710418874;0.32416536946940355;0.32490919460759105;0.3099477446464737;
-4.816816816816817;0.33795302692733287;0.32463591523031876;0.32537896143521117;0.3104382172807345;
-4.812812812812813;0.338408746750477;0.3251064609912341;0.32584872826283134;0.31092868991499545;
-4.808808808808809;0.33886446657362107;0.3255770067521493;0.3263184950904514;0.3114191625492562;
-4.804804804804805;0.3393201863967653;0.3260475525130646;0.32678826191807164;0.31190963518351716;
-4.8008008008008005;0.3397759062199095;0.32651809827397993;0.3272580287456919;0.3124001078177781;
-4.796796796796797;0.34023162604305357;0.3269886440348951;0.32772779557331194;0.312890580452039;
-4.792792792792793;0.34068734586619775;0.32745918979581035;0.3281975624009321;0.31338105308629993;
-4.788788788788789;0.34114306568934183;0.3279297355567256;0.32866732922855224;0.3138715257205607;
-4.784784784784785;0.341598785512486;0.32840028131764093;0.3291370960561724;0.31436199835482165;
-4.7807807807807805;0.3420545053356302;0.3288708270785562;0.3296068628837926;0.31485247098908253;
-4.776776776776776;0.3425102251587744;0.3293413728394715;0.33007662971141283;0.3153429436233435;
-4.772772772772773;0.34296594498191846;0.3298119186003867;0.3305463965390329;0.3158334162576043;
-4.768768768768769;0.3434216648050626;0.33028246436130193;0.331016163366653;0.3163238888918652;
-4.764764764764765;0.3438773846282068;0.33075301012221725;0.3314859301942732;0.3168143615261261;
-4.7607607607607605;0.3443331044513509;0.3312235558831325;0.33195569702189337;0.317304834160387;
-4.756756756756756;0.34478882427449514;0.33169410164404783;0.33242546384951366;0.31779530679464796;
-4.752752752752753;0.3452445440976392;0.33216464740496304;0.33289523067713367;0.3182857794289088;
-4.748748748748749;0.3457002639207833;0.3326351931658782;0.3333649975047538;0.3187762520631696;
-4.744744744744745;0.34615598374392753;0.3331057389267935;0.33383476433237397;0.31926672469743056;
-4.7407407407407405;0.3466117035670717;0.33357628468770884;0.3343045311599942;0.3197571973316915;
-4.736736736736736;0.3470674233902159;0.33404683044862415;0.3347742979876144;0.32024766996595244;
-4.732732732732733;0.34752314321336;0.33451737620953936;0.3352440648152345;0.32073814260021327;
-4.728728728728729;0.34797886303650405;0.33498792197045457;0.3357138316428545;0.3212286152344741;
-4.724724724724725;0.34843458285964823;0.3354584677313699;0.33618359847047474;0.321719087868735;
-4.7207207207207205;0.3488903026827924;0.3359290134922852;0.336653365298095;0.32220956050299593;
-4.716716716716716;0.3493460225059366;0.3363995592532005;0.33712313212571515;0.32270003313725687;
-4.712712712712713;0.3498017423290807;0.3368701050141157;0.3375928989533352;0.3231905057715177;
-4.708708708708709;0.35025746215222475;0.3373406507750309;0.33806266578095534;0.32368097840577853;
-4.704704704704705;0.35071318197536894;0.3378111965359462;0.3385324326085755;0.32417145104003947;
-4.7007007007007005;0.35116890179851323;0.3382817422968615;0.33900219943619575;0.3246619236743004;
-4.696696696696696;0.3516246216216574;0.3387522880577768;0.3394719662638159;0.3251523963085613;
-4.692692692692693;0.3520803414448015;0.339222833818692;0.33994173309143605;0.3256428689428222;
-4.688688688688689;0.35253606126794557;0.3396933795796072;0.3404114999190561;0.32613334157708296;
-4.684684684684685;0.35299178109108975;0.34016392534052253;0.3408812667466763;0.3266238142113439;
-4.68068068068068;0.3534475009142339;0.3406344711014378;0.3413510335742965;0.32711428684560484;
-4.676676676676676;0.3539032207373781;0.3411050168623531;0.34182080040191676;0.3276047594798658;
-4.672672672672673;0.3543589405605222;0.3415755626232683;0.3422905672295368;0.3280952321141266;
-4.668668668668669;0.35481466038366627;0.34204610838418353;0.3427603340571569;0.32858570474838744;
-4.664664664664665;0.35527038020681045;0.34251665414509885;0.34323010088477707;0.3290761773826484;
-4.66066066066066;0.35572610002995464;0.3429871999060142;0.3436998677123973;0.32956665001690927;
-4.656656656656656;0.3561818198530988;0.34345774566692944;0.34416963454001753;0.3300571226511702;
-4.652652652652653;0.3566375396762429;0.34392829142784465;0.3446394013676376;0.3305445837522963;
-4.648648648648649;0.3570932594993871;0.34439883718875985;0.34510916819525767;0.3310307720422642;
-4.644644644644645;0.3575489793225312;0.3448693829496751;0.3455789350228779;0.33151696033223227;
-4.64064064064064;0.3580046991456754;0.3453399287105905;0.3460487018504981;0.3320031486222004;
-4.636636636636636;0.3584604189688196;0.34581047447150576;0.34651846867811825;0.3324893369121684;
-4.632632632632633;0.3589161387919637;0.346281020232421;0.3469882355057383;0.3329755252021364;
-4.628628628628629;0.3593718586151078;0.3467515659933362;0.3474580023333585;0.3334617134921044;
-4.624624624624625;0.35982757843825197;0.34722211175425144;0.3479277691609786;0.33394790178207245;
-4.62062062062062;0.36028329826139616;0.3476926575151668;0.34839753598859885;0.33443409007204056;
-4.616616616616616;0.36073901808454034;0.3481632032760821;0.3488673028162191;0.3349202783620086;
-4.612612612612613;0.3611947379076844;0.34863170504395435;0.34933706964383915;0.3354064666519766;
-4.608608608608609;0.36165045773082855;0.3491001712025144;0.3498068364714592;0.33589265494194454;
-4.604604604604605;0.3621061775539727;0.3495686373610746;0.35027660329907945;0.3363788432319127;
-4.6006006006006;0.3625618973771169;0.3500371035196348;0.3507463701266996;0.33686503152188074;
-4.596596596596596;0.3630176172002611;0.35050556967819496;0.3512160208889868;0.3373512198118488;
-4.592592592592593;0.36347333702340523;0.35097403583675507;0.3516838027503682;0.3378374081018168;
-4.588588588588589;0.36392905684654925;0.35144250199531507;0.3521515846117497;0.3383235963917848;
-4.584584584584585;0.3643847766696935;0.3519109681538753;0.35261936647313125;0.3388097846817529;
-4.58058058058058;0.3648404964928377;0.35237943431243546;0.3530871483345128;0.339295972971721;
-4.576576576576576;0.36529621631598186;0.3528479004709956;0.3535549301958944;0.33978216126168903;
-4.5725725725725725;0.36575193613912593;0.3533163666295557;0.35402271205727587;0.34026834955165697;
-4.568568568568569;0.36620765596227;0.3537848327881158;0.35449049391865733;0.34075453784162496;
-4.564564564564565;0.36666337578541425;0.3542532989466759;0.35495827578003886;0.34124072613159306;
-4.56056056056056;0.36711909560855843;0.3547217651052361;0.35542605764142055;0.3417269144215611;
-4.556556556556556;0.3675748154317027;0.35519023126379634;0.35589383950280207;0.34221310271152916;
-4.5525525525525525;0.36803053525484664;0.35565869742235645;0.35636162136418353;0.34269929100149715;
-4.548548548548549;0.3684862550779908;0.35612716358091645;0.356829403225565;0.34318547929146515;
-4.544544544544545;0.368941974901135;0.35659562973947667;0.3572971850869466;0.3436716675814332;
-4.54054054054054;0.36939769472427914;0.3570640958980368;0.35776496694832816;0.3441578558714013;
-4.536536536536536;0.3698534145474234;0.35753256205659695;0.3582327488097097;0.3446440441613694;
-4.5325325325325325;0.37030913437056745;0.35800102821515706;0.3587005306710912;0.34513023245133734;
-4.528528528528529;0.3707648541937115;0.3584694943737171;0.35916831253247267;0.34561642074130533;
-4.524524524524525;0.37122057401685576;0.3589379605322773;0.35963609439385424;0.34610260903127343;
-4.52052052052052;0.37167629383999995;0.35940642669083744;0.3601038762552358;0.3465887973212415;
-4.516516516516516;0.3721320136631441;0.35987489284939767;0.3605716581166174;0.3470749856112096;
-4.5125125125125125;0.37258773348628826;0.36034335900795766;0.36103943997799887;0.3475611739011775;
-4.508508508508509;0.37304345330943234;0.3608118251665178;0.36150722183938033;0.3480473621911455;
-4.504504504504505;0.3734991731325765;0.361280291325078;0.3619750037007619;0.3485335504811136;
-4.5005005005005;0.3739548929557207;0.36174875748363816;0.3624427855621435;0.34901973877108167;
-4.496496496496496;0.3744106127788649;0.3622172236421983;0.36291056742352507;0.34950592706104977;
-4.4924924924924925;0.37486633260200897;0.36268568980075844;0.36337834928490653;0.3499921153510177;
-4.488488488488489;0.37532205242515304;0.3631541559593185;0.363846131146288;0.3504783036409857;
-4.484484484484485;0.3757777722482972;0.36362262211787866;0.3643139130076696;0.35096449193095375;
-4.48048048048048;0.37623349207144147;0.3640910882764389;0.36478169486905115;0.35145068022092185;
-4.476476476476476;0.3766892118945856;0.364559554434999;0.36524947673043273;0.35193686851088996;
-4.4724724724724725;0.3771449317177297;0.3650280205935591;0.3657172585918142;0.3524230568008579;
-4.468468468468469;0.37760065154087386;0.36549648675211915;0.36618504045319566;0.3529092450908259;
-4.464464464464465;0.378056371364018;0.3659649529106793;0.3666528223145773;0.35339543338079393;
-4.46046046046046;0.3785120911871622;0.36643341906923954;0.3671206041759588;0.35388162167076204;
-4.456456456456456;0.3789678110103064;0.36690188522779965;0.3675883860373404;0.3543678099607301;
-4.4524524524524525;0.3794235308334505;0.36737035138635976;0.36805616789872186;0.3548508540461877;
-4.448448448448449;0.37987925065659456;0.36783881754491987;0.36852394976010333;0.3553333048577489;
-4.444444444444445;0.38033497047973874;0.36830728370348;0.3689917316214849;0.3558157556693102;
-4.44044044044044;0.38079069030288293;0.3687757498620402;0.3694595134828665;0.3562982064808714;
-4.436436436436436;0.3812464101260271;0.36924421602060037;0.36992729534424806;0.35678065729243275;
-4.4324324324324325;0.3817021299491712;0.3697126821791604;0.37039507720562953;0.35726310810399386;
-4.428428428428429;0.3821578497723153;0.3701811483377205;0.370862859067011;0.35774555891555504;
-4.424424424424425;0.3826135695954595;0.37064961449628064;0.3713306409283926;0.3582280097271164;
-4.42042042042042;0.3830692894186037;0.37111808065484087;0.37179842278977415;0.3587104605386776;
-4.416416416416416;0.3835250092417479;0.37158654681340103;0.37226620465115573;0.3591929113502389;
-4.412412412412412;0.383980729064892;0.37205501297196114;0.3727339865125372;0.35967536216180007;
-4.408408408408409;0.3844364488880361;0.3725234791305212;0.37320176837391866;0.3601578129733612;
-4.404404404404405;0.38489216871118026;0.37299194528908136;0.37366955023530024;0.36064026378492253;
-4.4004004004004;0.38534788853432445;0.3734604114476415;0.37413733209668176;0.36112271459648376;
-4.396396396396396;0.38580360835746863;0.37392887760620175;0.3746051139580634;0.361605165408045;
-4.392392392392392;0.3862593281806127;0.37439734376476175;0.37507289581944486;0.3620876162196062;
-4.388388388388389;0.38671504800375683;0.37486580992332186;0.37554067768082633;0.3625700670311674;
-4.384384384384385;0.387170767826901;0.375334276081882;0.3760084595422079;0.36305251784272863;
-4.38038038038038;0.38762648765004526;0.37580274224044224;0.3764762414035895;0.3635349686542899;
-4.376376376376376;0.3880822074731894;0.3762712083990024;0.3769440232649711;0.3640174194658512;
-4.372372372372372;0.38853792729633346;0.37673967455756247;0.37741180512635253;0.3644998702774124;
-4.368368368368369;0.3889936471194776;0.3772081407161226;0.37787958698773405;0.36498232108897355;
-4.364364364364365;0.3894493669426218;0.37767660687468274;0.3783473688491156;0.36546477190053483;
-4.36036036036036;0.38990508676576596;0.37814507303324285;0.37881515071049715;0.3659472227120961;
-4.356356356356356;0.39036080658891015;0.3786135391918031;0.37928293257187873;0.3664296735236574;
-4.352352352352352;0.3908165264120542;0.3790820053503631;0.3797507144332602;0.3669121243352186;
-4.348348348348349;0.39127224623519835;0.37955047150892324;0.38021849629464166;0.36739457514677965;
-4.344344344344345;0.39172796605834254;0.38001893766748335;0.38068627815602324;0.367877025958341;
-4.34034034034034;0.3921836858814867;0.38048740382604357;0.3811540600174048;0.36835947676990227;
-4.336336336336336;0.3926394057046309;0.38095586998460373;0.3816218418787864;0.3688419275814635;
-4.332332332332332;0.393095125527775;0.38142433614316384;0.38208962374016786;0.3693243783930247;
-4.328328328328329;0.39355084535091905;0.38189111507886636;0.3825574056015493;0.36980682920458585;
-4.324324324324325;0.3940065651740633;0.38235772623379294;0.3830251874629309;0.37028928001614714;
-4.32032032032032;0.3944622849972075;0.38282433738871957;0.3834929693243125;0.3707717308277084;
-4.316316316316316;0.39491800482035166;0.38329094854364615;0.38396075118569406;0.3712541816392697;
-4.312312312312312;0.3953737246434958;0.38375755969857267;0.3844285330470755;0.3717366324508309;
-4.308308308308309;0.3958294444666398;0.38422417085349914;0.38489454749346685;0.37221908326239206;
-4.3043043043043046;0.39628516428978405;0.38469078200842577;0.38536055999551927;0.37270153407395334;
-4.3003003003003;0.3967408841129282;0.3851573931633524;0.3858265724975717;0.3731839848855146;
-4.296296296296296;0.3971966039360724;0.38562400431827903;0.38629258499962404;0.37366643569707586;
-4.292292292292292;0.3976523237592165;0.38609061547320556;0.3867585975016764;0.37414888650863704;
-4.288288288288289;0.39810804358236057;0.3865572266281321;0.3872246100037287;0.37463133732019815;
-4.2842842842842845;0.3985637634055048;0.3870238377830587;0.3876906225057811;0.37511378813175944;
-4.28028028028028;0.39901948322864894;0.38749044893798534;0.38815663500783354;0.3755962389433207;
-4.276276276276276;0.3994752030517932;0.38795706009291187;0.38862264750988595;0.376078689754882;
-4.272272272272272;0.39993092287493726;0.3884236712478384;0.38908866001193826;0.3765611405664432;
-4.268268268268269;0.4003866426980814;0.3888902824027649;0.38955467251399056;0.37704359137800436;
-4.2642642642642645;0.4008423625212255;0.38935689355769154;0.390020685016043;0.37752604218956565;
-4.26026026026026;0.40129808234436976;0.3898235047126182;0.3904866975180954;0.37800849300112693;
-4.256256256256256;0.40175380216751394;0.39029011586754475;0.39095271002014786;0.3784909438126882;
-4.252252252252252;0.402209521990658;0.3907567270224713;0.3914187225222001;0.37897339462424934;
-4.248248248248249;0.40266524181380214;0.3912233381773978;0.3918847350242525;0.37945584543581057;
-4.2442442442442445;0.40312096163694633;0.39168994933232437;0.3923507475263049;0.3799382962473718;
-4.24024024024024;0.4035766814600905;0.392156560487251;0.3928167600283573;0.38042074705893303;
-4.236236236236236;0.4040324012832347;0.39262317164217764;0.3932827725304098;0.3809031978704943;
-4.232232232232232;0.4044881211063788;0.39308978279710416;0.393748785032462;0.3813856486820555;
-4.228228228228229;0.40494384092952285;0.3935563939520307;0.3942147975345144;0.38186495770334816;
-4.2242242242242245;0.40539956075266703;0.39402300510695726;0.3946808100365668;0.3823439941686598;
-4.22022022022022;0.4058552805758113;0.39448961626188384;0.3951468225386192;0.3828230306339712;
-4.216216216216216;0.40631100039895546;0.39495622741681047;0.39561283504067163;0.3833020670992827;
-4.212212212212212;0.40676672022209953;0.395422838571737;0.39607884754272393;0.38378110356459416;
-4.208208208208209;0.40722244004524366;0.39588944972666346;0.39654486004477624;0.3842601400299056;
-4.2042042042042045;0.40767815986838785;0.39635606088159014;0.39701087254682865;0.3847391764952171;
-4.2002002002002;0.40813387969153203;0.3968226720365167;0.39747688504888107;0.3852182129605286;
-4.196196196196196;0.4085895995146762;0.3972892831914433;0.3979428975509335;0.3856972494258401;
-4.192192192192192;0.40904531933782035;0.3977558943463698;0.39840891005298584;0.3861762858911516;
-4.188188188188189;0.4095010391609644;0.39822250550129634;0.3988749225550381;0.386655322356463;
-4.1841841841841845;0.4099567589841086;0.398689116656223;0.3993409350570905;0.3871343588217745;
-4.18018018018018;0.4104124788072528;0.3991557278111496;0.3998069475591429;0.38761339528708605;
-4.176176176176176;0.410868198630397;0.3996223389660762;0.4002729600611954;0.3880924317523976;
-4.172172172172172;0.41132391845354105;0.4000889501210027;0.4007389725632477;0.388571468217709;
-4.168168168168169;0.4117796382766852;0.40055556127592923;0.4012049850653;0.38905050468302044;
-4.1641641641641645;0.41223535809982936;0.4010221724308558;0.4016709975673525;0.38952954114833194;
-4.16016016016016;0.41269107792297355;0.40148878358578244;0.40213701006940483;0.3900085776136434;
-4.156156156156156;0.41314679774611773;0.40195539474070907;0.4026030225714573;0.390487614078955;
-4.152152152152152;0.41360251756926186;0.4024220058956356;0.40306903507350955;0.3909666505442664;
-4.148148148148149;0.41405823739240594;0.40288861705056206;0.4035350475755619;0.39144568700957777;
-4.1441441441441444;0.4145139572155501;0.4033552282054887;0.4040010600776143;0.3919247234748893;
-4.14014014014014;0.41496967703869436;0.4038218393604153;0.40446707257966674;0.3924037599402008;
-4.136136136136136;0.41542539686183855;0.4042884505153419;0.40493308508171916;0.3928827964055124;
-4.132132132132132;0.41588111668498257;0.4047550616702684;0.40539909758377146;0.3933618328708237;
-4.128128128128129;0.4163368365081267;0.40522167282519495;0.40586511008582377;0.39384086933613516;
-4.124124124124124;0.4167925563312709;0.4056882839801215;0.4063311225878762;0.3943199058014467;
-4.12012012012012;0.41724827615441507;0.40615489513504816;0.40679713508992865;0.39479894226675827;
-4.116116116116116;0.41770399597755925;0.4066215062899748;0.407263147591981;0.39527797873206977;
-4.112112112112112;0.41815971580070344;0.4070881174449013;0.40772916009403337;0.39575701519738116;
-4.108108108108109;0.4186154356238474;0.40755472859982783;0.4081951725960856;0.3962360516626926;
-4.104104104104104;0.4190711554469917;0.4080213397547544;0.4086611850981381;0.39671508812800416;
-4.1001001001001;0.4195268752701359;0.40848795090968104;0.40912719760019056;0.3971941245933156;
-4.096096096096096;0.41998259509328006;0.4089545620646077;0.4095932101022429;0.39767316105862716;
-4.092092092092092;0.42043831491642414;0.4094211732195342;0.4100592226042952;0.3981521975239386;
-4.088088088088089;0.42089403473956827;0.4098877843744606;0.41052523510634753;0.39863123398925;
-4.084084084084084;0.4213497545627125;0.41035439552938724;0.4109912476084;0.3991102704545615;
-4.08008008008008;0.4218054743858567;0.41082100668431387;0.41145726011045236;0.39958930691987304;
-4.076076076076076;0.4222611942090009;0.4112876178392405;0.4119232726125048;0.4000683433851845;
-4.072072072072072;0.42271691403214495;0.41175422899416697;0.4123892851145571;0.40054737985049593;
-4.068068068068069;0.423172633855289;0.4122208401490935;0.41285529761660944;0.4010264163158074;
-4.064064064064064;0.4236283536784332;0.4126874513040201;0.4133213101186619;0.40150545278111893;
-4.06006006006006;0.4240840735015774;0.41315406245894676;0.41378732262071427;0.40198448924643043;
-4.056056056056056;0.4245397933247216;0.4136206736138734;0.4142533351227667;0.40246352571174193;
-4.052052052052052;0.4249955131478657;0.41408728476879986;0.414719347624819;0.4029425621770534;
-4.048048048048049;0.4254512329710098;0.4145538959237264;0.41518536012687135;0.40342159864236476;
-4.044044044044044;0.42590695279415397;0.415020507078653;0.4156513726289237;0.40390063510767626;
-4.04004004004004;0.42636267261729816;0.41548711823357964;0.4161173851309762;0.4043796715729878;
-4.036036036036036;0.4268183924404424;0.41595372938850617;0.4165833976330286;0.4048587080382993;
-4.032032032032032;0.42727411226358647;0.41642034054343274;0.4170494101350809;0.40533774450361076;
-4.028028028028028;0.42772983208673065;0.4168869516983593;0.4175154226371333;0.40581678096892226;
-4.024024024024024;0.42818555190987473;0.41735356285328584;0.4179814351391856;0.4062958174342337;
-4.02002002002002;0.4286412717330189;0.4178201740082125;0.41844744764123804;0.40677485389954526;
-4.016016016016016;0.42909699155616315;0.41828678516313905;0.41891346014329045;0.40725389036485676;
-4.012012012012012;0.4295527113793073;0.4187533963180656;0.41937947264534275;0.40773292683016815;
-4.008008008008008;0.43000843120245147;0.41921978362228596;0.4198454851473952;0.40821196329547965;
-4.004004004004004;0.4304641510255955;0.41968474670390304;0.42031149764944753;0.4086909997607911;
-4.0;0.4309198708487397;0.42014970978552024;0.42077751015149994;0.4091700362261026;
